phi	logL
3.85934404700455990778e+00       -1.166878e+06
3.92356561011626725488e+00       -1.164526e+06
3.96599876996130440432e+00       -1.161662e+06
3.61496530601565924101e+00       -1.153954e+06
4.21464557323794863919e+00       -1.124318e+06
3.42819349138065732063e+00       -1.121189e+06
4.23317723825736358378e+00       -1.120166e+06
2.99855183453296003648e+00       -9.781117e+05
2.97568253243119684726e+00       -9.681959e+05
2.92804498844183935802e+00       -9.469044e+05
4.80879581758045482331e+00       -9.093481e+05
4.82125027686089424606e+00       -9.033060e+05
4.82588559418605811402e+00       -9.010446e+05
4.91451931386963192239e+00       -8.565568e+05
4.95245636076999495856e+00       -8.368440e+05
5.00834356858615326047e+00       -8.071534e+05
2.60491803340783079079e+00       -7.834955e+05
5.23651925297002662774e+00       -6.797748e+05
2.33150545436796141630e+00       -6.284749e+05
2.32414632376005947378e+00       -6.242054e+05
2.32237681668847972816e+00       -6.231785e+05
5.34339920815873270499e+00       -6.180136e+05
5.47820177472484193260e+00       -5.396770e+05
5.53617412254154572793e+00       -5.061612e+05
2.02824286418119159592e+00       -4.533036e+05
5.69036057141595019715e+00       -4.186193e+05
5.69521903449568167588e+00       -4.159145e+05
1.94049171052895674805e+00       -4.041771e+05
1.90681549777002423696e+00       -3.856742e+05
5.77283027459306907758e+00       -3.732926e+05
1.86421638796733546428e+00       -3.625960e+05
5.79772820210818373710e+00       -3.598780e+05
1.85637032909814481130e+00       -3.583883e+05
1.84073380305769140897e+00       -3.500446e+05
1.75804750044191271385e+00       -3.069281e+05
5.90707493836348085381e+00       -3.027294e+05
1.70123272499903310795e+00       -2.783885e+05
1.65315731982214386697e+00       -2.550096e+05
6.05002824849229359216e+00       -2.332126e+05
6.05860413017463361740e+00       -2.292573e+05
6.07690405047011683592e+00       -2.209053e+05
6.11478511625478393654e+00       -2.040075e+05
6.12832202004975723497e+00       -1.981006e+05
1.51946657207830182479e+00       -1.941736e+05
6.16484756398348388018e+00       -1.825197e+05
1.47974485800976474081e+00       -1.773982e+05
1.47464398849409583647e+00       -1.752901e+05
1.46339103355499933201e+00       -1.706773e+05
6.19767563397617848864e+00       -1.689742e+05
6.20248865822321349128e+00       -1.670256e+05
1.42948388673119763936e+00       -1.570980e+05
1.42697111719759872628e+00       -1.561111e+05
1.42022717379025831264e+00       -1.534757e+05
6.24227586392928124326e+00       -1.512932e+05
1.37862113718720413758e+00       -1.376565e+05
6.27953700347095189471e+00       -1.371824e+05
1.30470022408042307660e+00       -1.114796e+05
1.29732329183230143954e+00       -1.090071e+05
1.28199936391273006109e+00       -1.039542e+05
1.23552765467485281548e-01       -9.381250e+04
1.23562607489155373841e+00       -8.935664e+04
1.43580240794748625888e-01       -8.769181e+04
1.22384999301164132390e+00       -8.581839e+04
1.69197439723787645960e-01       -8.015421e+04
1.81781434358687432606e-01       -7.657266e+04
1.18338428152580044106e+00       -7.419121e+04
1.90355593637858033773e-01       -7.417850e+04
1.18007114569913085234e+00       -7.327606e+04
1.17616987662602356934e+00       -7.220567e+04
1.16968213295814438268e+00       -7.044294e+04
2.19672619887314013454e-01       -6.627738e+04
2.22718231030083257949e-01       -6.548204e+04
1.13877938182093330077e+00       -6.234547e+04
2.36586088006140227158e-01       -6.192167e+04
1.13396161535587136626e+00       -6.112790e+04
1.11938526933777482419e+00       -5.751831e+04
1.09675089968948058505e+00       -5.213594e+04
2.93480499919217319160e-01       -4.837601e+04
2.99865636650975764255e-01       -4.696355e+04
1.06524176314465623960e+00       -4.509873e+04
3.59350113188256159447e-01       -3.486743e+04
1.00265204062325485879e+00       -3.271774e+04
3.72230228923718708955e-01       -3.250349e+04
3.85506431658304560273e-01       -3.016289e+04
3.86175513741162323988e-01       -3.004751e+04
3.91790007177677979122e-01       -2.908919e+04
4.01981872457356836925e-01       -2.739441e+04
9.57356651305732331281e-01       -2.510566e+04
4.23024995469814257820e-01       -2.407883e+04
9.39983819016335431229e-01       -2.249034e+04
9.35462817754965980654e-01       -2.183758e+04
9.24389774056830870741e-01       -2.028751e+04
4.57022702160290617002e-01       -1.924801e+04
4.61074083189916050785e-01       -1.871589e+04
9.08373764013896134450e-01       -1.816816e+04
9.01514174807234724973e-01       -1.730494e+04
9.01361657375420399774e-01       -1.728605e+04
8.98804443342933745420e-01       -1.697131e+04
8.98023077943970626791e-01       -1.687588e+04
4.76802573544951036055e-01       -1.673828e+04
4.87586795620730040213e-01       -1.546363e+04
8.85971135869923376305e-01       -1.544797e+04
4.91385861583620908721e-01       -1.503038e+04
8.81841399811226667182e-01       -1.497772e+04
8.78788278134826961185e-01       -1.463632e+04
8.75501252427318910065e-01       -1.427471e+04
4.99662404241381419290e-01       -1.411503e+04
5.01809151947249842962e-01       -1.388400e+04
8.67636472783570811274e-01       -1.343457e+04
5.11623038542509345206e-01       -1.286141e+04
5.12097785843357855562e-01       -1.281334e+04
5.12172588682104690250e-01       -1.280578e+04
8.61448498426709785569e-01       -1.279841e+04
8.57115923210042707225e-01       -1.236606e+04
5.24259980781964229912e-01       -1.162592e+04
5.28005920118068794444e-01       -1.127729e+04
8.44754556527960276391e-01       -1.119166e+04
5.31614225912593552081e-01       -1.094909e+04
5.34401728924075114513e-01       -1.070066e+04
8.32146249313972630191e-01       -1.008421e+04
5.42526307546831398909e-01       -1.000209e+04
8.17707738316616028484e-01       -8.928387e+03
8.12607743634502943664e-01       -8.548841e+03
5.62554972352394822011e-01       -8.442321e+03
8.09863099683505671678e-01       -8.350793e+03
5.71605167607875719327e-01       -7.813425e+03
5.74566057311749256442e-01       -7.617944e+03
5.78005316966033855230e-01       -7.397242e+03
7.94349960276853450658e-01       -7.313182e+03
7.94128797026457555752e-01       -7.299395e+03
5.81227853432021546176e-01       -7.196652e+03
7.83257952167006221700e-01       -6.656589e+03
5.90638907692082493206e-01       -6.645244e+03
7.82568172560103914037e-01       -6.618109e+03
5.95738513797181679088e-01       -6.367866e+03
5.96719643589013859497e-01       -6.316228e+03
5.98425005629990902634e-01       -6.227799e+03
6.04088757708066026453e-01       -5.946207e+03
6.05859314793147918365e-01       -5.861992e+03
6.07402418081623873825e-01       -5.790077e+03
7.64117719692722685565e-01       -5.691109e+03
6.13505210931770239569e-01       -5.519193e+03
6.16676495944380564929e-01       -5.386958e+03
7.56089751800655740510e-01       -5.349376e+03
6.19003570936360381083e-01       -5.293636e+03
7.52961530472134099590e-01       -5.226337e+03
6.23549574995352351436e-01       -5.120395e+03
7.45323620343487425188e-01       -4.949786e+03
7.43321799486541312518e-01       -4.882907e+03
6.30717972832319340171e-01       -4.871590e+03
6.36161436298187221716e-01       -4.702588e+03
6.38189293749144903600e-01       -4.644029e+03
7.33688514301138128282e-01       -4.593610e+03
7.32820335517726961783e-01       -4.570186e+03
6.41621435896778447017e-01       -4.550362e+03
6.42634589822114188351e-01       -4.524020e+03
6.45015174160417426030e-01       -4.464472e+03
6.45094559709262216352e-01       -4.462543e+03
6.45097152987696542681e-01       -4.462480e+03
6.46896405722856560061e-01       -4.419744e+03
7.26600883297385591320e-01       -4.415186e+03
6.48674692494752069827e-01       -4.379355e+03
6.49305727775512542266e-01       -4.365465e+03
6.50685726702980860026e-01       -4.335894e+03
7.20559570800967552628e-01       -4.286148e+03
7.19867134854082824091e-01       -4.272714e+03
7.19097610895621630611e-01       -4.258110e+03
6.55540424442507485558e-01       -4.240665e+03
7.16811696447565038781e-01       -4.216760e+03
6.57326847752397136482e-01       -4.209071e+03
6.57873037110375258329e-01       -4.199782e+03
7.14098528405983756784e-01       -4.171623e+03
7.12437134716934483691e-01       -4.146096e+03
7.10804828461240711945e-01       -4.122579e+03
6.63064335646041946859e-01       -4.120148e+03
7.10403160724088822420e-01       -4.117030e+03
7.09263986546924685150e-01       -4.101802e+03
6.64473655697937704012e-01       -4.101233e+03
7.07763629372968106068e-01       -4.082897e+03
7.06984184058326636801e-01       -4.073592e+03
6.66859918669927220769e-01       -4.071841e+03
6.67484870583643030706e-01       -4.064690e+03
7.06161124525147454456e-01       -4.064150e+03
6.67700169894992590081e-01       -4.062279e+03
6.69939480478872972924e-01       -4.038802e+03
6.70335400746242759951e-01       -4.034955e+03
6.70977051324974760327e-01       -4.028913e+03
7.02444890860785986497e-01       -4.026423e+03
7.01876855766863649855e-01       -4.021364e+03
6.99815026097238335190e-01       -4.004578e+03
6.99623512021893545487e-01       -4.003144e+03
6.74366555915104193275e-01       -4.000970e+03
6.99118838050116431226e-01       -3.999468e+03
6.74737274599688463539e-01       -3.998319e+03
6.97319087539089554895e-01       -3.987565e+03
6.97301570921076363518e-01       -3.987458e+03
6.76766532867941639218e-01       -3.985224e+03
6.96706577494062617717e-01       -3.983944e+03
6.77123734145707700804e-01       -3.983167e+03
6.96241181234672601441e-01       -3.981338e+03
6.77481255749260657950e-01       -3.981183e+03
6.77686441494501634608e-01       -3.980077e+03
6.95814323629396880300e-01       -3.979059e+03
6.95792641320249427572e-01       -3.978946e+03
6.95754149777251695852e-01       -3.978746e+03
6.78388937346105058701e-01       -3.976478e+03
6.95089929688920915574e-01       -3.975433e+03
6.94795319659488930242e-01       -3.974046e+03
6.94646110422498019865e-01       -3.973363e+03
6.79094338202778646796e-01       -3.973153e+03
6.79131725042035894191e-01       -3.972985e+03
6.94543056973517924924e-01       -3.972898e+03
6.79692179070973123700e-01       -3.970561e+03
6.79750036595342832513e-01       -3.970321e+03
6.93805863952306145492e-01       -3.969757e+03
6.80047813460767924809e-01       -3.969118e+03
6.93629339858501392513e-01       -3.969051e+03
6.92969202940773576493e-01       -3.966574e+03
6.80828377323070110805e-01       -3.966209e+03
6.92565296866736068715e-01       -3.965184e+03
6.92492846216648527680e-01       -3.964944e+03
6.81382902641306853475e-01       -3.964357e+03
6.92148068693118845296e-01       -3.963847e+03
6.81725534174081770900e-01       -3.963302e+03
6.81786938798316199950e-01       -3.963120e+03
6.81798814290165755558e-01       -3.963086e+03
6.91778833682396787630e-01       -3.962748e+03
6.81982555594942252419e-01       -3.962556e+03
6.91446540809731113875e-01       -3.961827e+03
6.82409842880314032598e-01       -3.961400e+03
6.90797712878361114264e-01       -3.960214e+03
6.83015936719485239337e-01       -3.959943e+03
6.90053457398308811577e-01       -3.958665e+03
6.83655147445576316656e-01       -3.958637e+03
6.89885864494599765351e-01       -3.958360e+03
6.83859321028174371726e-01       -3.958270e+03
6.83997170555242117729e-01       -3.958036e+03
6.89481010018873408107e-01       -3.957692e+03
6.89468642408662346632e-01       -3.957673e+03
6.84397356131580036909e-01       -3.957420e+03
6.89284058755247897032e-01       -3.957402e+03
6.84503393056673181682e-01       -3.957272e+03
6.84514466518922337634e-01       -3.957257e+03
6.84593554686390159958e-01       -3.957151e+03
6.84653221692643421115e-01       -3.957074e+03
6.84684021307771062403e-01       -3.957035e+03
6.88904678081962540404e-01       -3.956906e+03
6.88704730023212641221e-01       -3.956678e+03
6.88597217365418345913e-01       -3.956566e+03
6.85110211208303065966e-01       -3.956552e+03
6.88516377666776535627e-01       -3.956485e+03
6.85261381030371929945e-01       -3.956406e+03
6.85295999874113603845e-01       -3.956374e+03
6.88287348577840019104e-01       -3.956278e+03
6.88277488310662488580e-01       -3.956270e+03
6.88227610744392315212e-01       -3.956229e+03
6.85485446980435120246e-01       -3.956214e+03
6.88161239600278751283e-01       -3.956177e+03
6.85555514143672439786e-01       -3.956160e+03
6.85567195216836955396e-01       -3.956151e+03
6.88092837015437996939e-01       -3.956126e+03
6.88074330543523071668e-01       -3.956113e+03
6.88028015907515944072e-01       -3.956080e+03
6.87954477612411352538e-01       -3.956031e+03
6.87943015094467091863e-01       -3.956024e+03
6.87887881025590175454e-01       -3.955990e+03
6.87811605901592626466e-01       -3.955945e+03
6.85939953104544253293e-01       -3.955914e+03
6.85957616718005924739e-01       -3.955905e+03
6.87723743899683825909e-01       -3.955898e+03
6.87706799605073082482e-01       -3.955890e+03
6.87653261693472073190e-01       -3.955864e+03
6.87637636912186378524e-01       -3.955856e+03
6.86072067035330301898e-01       -3.955849e+03
6.86105582669652602767e-01       -3.955835e+03
6.86129851218025388349e-01       -3.955824e+03
6.87533440889216862502e-01       -3.955812e+03
6.87505593951565630029e-01       -3.955801e+03
6.86189942557011045565e-01       -3.955800e+03
6.87476021830901617982e-01       -3.955790e+03
6.87465189717487934473e-01       -3.955786e+03
6.87429652688567038865e-01       -3.955773e+03
6.86266858504877008684e-01       -3.955773e+03
6.87418155706268629856e-01       -3.955770e+03
6.86310395589430188856e-01       -3.955758e+03
6.86326895987432683555e-01       -3.955753e+03
6.86331658882793571586e-01       -3.955752e+03
6.86338583283443326444e-01       -3.955750e+03
6.87353098769703407811e-01       -3.955749e+03
6.86347035903862812134e-01       -3.955747e+03
6.86366818694323588268e-01       -3.955742e+03
6.87321502927357164126e-01       -3.955740e+03
6.86403478386306886705e-01       -3.955732e+03
6.86408452024750315168e-01       -3.955731e+03
6.87276378266621357227e-01       -3.955728e+03
6.87275484701388106323e-01       -3.955728e+03
6.87255226058517076915e-01       -3.955723e+03
6.86441011167940873250e-01       -3.955723e+03
6.86452096719491922094e-01       -3.955720e+03
6.86482345982354247305e-01       -3.955713e+03
6.86501068918969559185e-01       -3.955710e+03
6.87185560439148690470e-01       -3.955708e+03
6.87177243211104848974e-01       -3.955706e+03
6.87175139874655060979e-01       -3.955706e+03
6.87174582777517306553e-01       -3.955706e+03
6.87168075218515639335e-01       -3.955705e+03
6.86531426715998538413e-01       -3.955704e+03
6.87153993739230917193e-01       -3.955702e+03
6.87145134952674485618e-01       -3.955701e+03
6.87133941499256106766e-01       -3.955699e+03
6.87133541265424918620e-01       -3.955699e+03
6.87119299746796752260e-01       -3.955696e+03
6.87099088249658707106e-01       -3.955693e+03
6.87087335963756373758e-01       -3.955692e+03
6.86611396189262146450e-01       -3.955691e+03
6.86615886099385730468e-01       -3.955690e+03
6.86619844991385175348e-01       -3.955690e+03
6.87073084568948444506e-01       -3.955690e+03
6.87072042796823656552e-01       -3.955689e+03
6.87058363062864829729e-01       -3.955688e+03
6.87057262310301841701e-01       -3.955688e+03
6.86641047722612474224e-01       -3.955687e+03
6.87051736388532563460e-01       -3.955687e+03
6.87047117315396582704e-01       -3.955686e+03
6.87045813435774088695e-01       -3.955686e+03
6.86650030732102623077e-01       -3.955686e+03
6.87038569536031817897e-01       -3.955685e+03
6.87038203495678345689e-01       -3.955685e+03
6.87031690137801187568e-01       -3.955685e+03
6.86667461479506191502e-01       -3.955684e+03
6.87021739432620792698e-01       -3.955684e+03
6.86676187387719294541e-01       -3.955683e+03
6.86677403011147324818e-01       -3.955683e+03
6.87010514078107648039e-01       -3.955682e+03
6.86684310180179169336e-01       -3.955682e+03
6.86689851514412974431e-01       -3.955682e+03
6.86693376413951561688e-01       -3.955682e+03
6.86696003796269160979e-01       -3.955681e+03
6.86696048812225012803e-01       -3.955681e+03
6.86700773795332009009e-01       -3.955681e+03
6.86991888658158189607e-01       -3.955681e+03
6.86713463429822978945e-01       -3.955680e+03
6.86718840025232979407e-01       -3.955679e+03
6.86969621925114015681e-01       -3.955679e+03
6.86967612445157360668e-01       -3.955679e+03
6.86726577188192632839e-01       -3.955679e+03
6.86961039801532558080e-01       -3.955678e+03
6.86735675236218034989e-01       -3.955678e+03
6.86950768932837130265e-01       -3.955678e+03
6.86947705512360062841e-01       -3.955678e+03
6.86940597801174224202e-01       -3.955677e+03
6.86772076278765131185e-01       -3.955676e+03
6.86777462483401435200e-01       -3.955676e+03
6.86794919037975182263e-01       -3.955676e+03
6.86804987227959906626e-01       -3.955675e+03
6.86804988333587052018e-01       -3.955675e+03
6.86885192874535088770e-01       -3.955675e+03
6.86879699243041708101e-01       -3.955675e+03
6.86816974778877376018e-01       -3.955675e+03
6.86866600533128868200e-01       -3.955675e+03
6.86832115855480651589e-01       -3.955675e+03
