# phi_mrg_22 logL logPrior
4.603913627754728566e+00 -9.569225454215192795e+08 0.000000000000000000e+00
3.615571286423293618e+00 -8.813941443817000254e+04 0.000000000000000000e+00
3.619096603998270822e+00 -7.486861253734193451e+04 0.000000000000000000e+00
3.619115560486177774e+00 -7.486916428990685381e+04 0.000000000000000000e+00
3.619039856643398334e+00 -7.487155895729889744e+04 0.000000000000000000e+00
3.619039412181220605e+00 -7.487160924185946351e+04 0.000000000000000000e+00
3.621836102473073637e+00 -8.292541733011354518e+04 0.000000000000000000e+00
3.620634248491528151e+00 -7.741280061826593010e+04 0.000000000000000000e+00
3.619092515310173841e+00 -7.486859438210816006e+04 0.000000000000000000e+00
3.619431437714071276e+00 -7.499156302846470498e+04 0.000000000000000000e+00
3.619023147529960127e+00 -7.487374023623514222e+04 0.000000000000000000e+00
3.618749964450185708e+00 -7.499416593086952344e+04 0.000000000000000000e+00
3.619084986048923813e+00 -7.486865457603227696e+04 0.000000000000000000e+00
3.669839367405417718e+00 -2.830636322701842524e+06 0.000000000000000000e+00
3.619158164750099438e+00 -7.487321154551257496e+04 0.000000000000000000e+00
3.619180921613250668e+00 -7.487696538949335809e+04 0.000000000000000000e+00
3.519225502590722421e+00 -1.074082891345444322e+07 0.000000000000000000e+00
3.619084919914728360e+00 -7.486865564239495143e+04 0.000000000000000000e+00
3.619096101611084748e+00 -7.486860837813958642e+04 0.000000000000000000e+00
3.619369884621986611e+00 -7.495095653435037821e+04 0.000000000000000000e+00
3.619104572401939279e+00 -7.486875075253519753e+04 0.000000000000000000e+00
3.345393063780700338e+00 -7.975536248524279892e+07 0.000000000000000000e+00
3.609582744572815471e+00 -1.716632036457937793e+05 0.000000000000000000e+00
3.616932347212339582e+00 -7.986295582287735306e+04 0.000000000000000000e+00
3.619277351915314078e+00 -7.490517354651646747e+04 0.000000000000000000e+00
5.233876294508146287e+00 -2.234863597032916546e+09 0.000000000000000000e+00
3.619044833374704506e+00 -7.487102478836639784e+04 0.000000000000000000e+00
3.618421215194987717e+00 -7.535088826773280744e+04 0.000000000000000000e+00
3.619059083489126305e+00 -7.486978853041901311e+04 0.000000000000000000e+00
3.618974667743926066e+00 -7.488345160038309405e+04 0.000000000000000000e+00
3.618979918548909769e+00 -7.488215682007512078e+04 0.000000000000000000e+00
3.619081890259083778e+00 -7.486871453207054583e+04 0.000000000000000000e+00
3.619088039912328192e+00 -7.486861553296542843e+04 0.000000000000000000e+00
3.619095241930036622e+00 -7.486860251424077433e+04 0.000000000000000000e+00
3.616539521111969524e+00 -8.184459185963918571e+04 0.000000000000000000e+00
3.958232062534335238e+00 -1.220040006035049856e+08 0.000000000000000000e+00
3.619097548253308538e+00 -7.486862181678117486e+04 0.000000000000000000e+00
3.619395369207701663e+00 -7.496678484591317829e+04 0.000000000000000000e+00
3.619082026020385090e+00 -7.486871147266795742e+04 0.000000000000000000e+00
3.619039856643398334e+00 -7.487155895729889744e+04 0.000000000000000000e+00
3.619092408640006475e+00 -7.486859438744687941e+04 0.000000000000000000e+00
3.622572328818598031e+00 -8.782952133625105489e+04 0.000000000000000000e+00
3.618996499891705021e+00 -7.487845554199875914e+04 0.000000000000000000e+00
3.935397534184330581e+00 -1.062701989729078263e+08 0.000000000000000000e+00
3.818979637655520953e+00 -4.269750903647708893e+07 0.000000000000000000e+00
3.621592391672319611e+00 -8.155764259760253481e+04 0.000000000000000000e+00
3.619338649145168230e+00 -7.493345265905078850e+04 0.000000000000000000e+00
3.619129725850101842e+00 -7.487007877076935256e+04 0.000000000000000000e+00
3.619102738938526187e+00 -7.486870691111154156e+04 0.000000000000000000e+00
3.600992476594876202e+00 -4.255096775717421551e+05 0.000000000000000000e+00
3.618836119411872332e+00 -7.493894011346434127e+04 0.000000000000000000e+00
3.623686940247031085e+00 -9.746213556705354131e+04 0.000000000000000000e+00
3.617853769441870870e+00 -7.651092453105811728e+04 0.000000000000000000e+00
3.619256151087548279e+00 -7.489726470419022371e+04 0.000000000000000000e+00
3.618987197328479954e+00 -7.488045958162416355e+04 0.000000000000000000e+00
3.619131280095893910e+00 -7.487020525944580731e+04 0.000000000000000000e+00
3.618837167287012324e+00 -7.493836622371125850e+04 0.000000000000000000e+00
3.619134877989912180e+00 -7.487051790620016982e+04 0.000000000000000000e+00
3.619146240808802872e+00 -7.487168725425846060e+04 0.000000000000000000e+00
3.622921909965236331e+00 -9.056439966035870020e+04 0.000000000000000000e+00
3.619616755960099574e+00 -7.516278450384901953e+04 0.000000000000000000e+00
1.575375139571271621e+00 -3.115776779816243172e+09 0.000000000000000000e+00
3.619099542914554046e+00 -7.486864769325270026e+04 0.000000000000000000e+00
3.619088199152049157e+00 -7.486861404475188465e+04 0.000000000000000000e+00
3.619018588721435226e+00 -7.487443913772373344e+04 0.000000000000000000e+00
3.619049019438226100e+00 -7.487061653796772589e+04 0.000000000000000000e+00
3.577790623767343803e+00 -1.900422250607681228e+06 0.000000000000000000e+00
3.615101159355241123e+00 -9.191963590352433675e+04 0.000000000000000000e+00
2.322521261448879493e+00 -1.561039637252087593e+09 0.000000000000000000e+00
3.621746308054298424e+00 -8.240667258530002437e+04 0.000000000000000000e+00
3.619105697946382705e+00 -7.486878123106012936e+04 0.000000000000000000e+00
3.619090017714111429e+00 -7.486860089866179624e+04 0.000000000000000000e+00
4.425798218858998823e+00 -6.596526366553177834e+08 0.000000000000000000e+00
3.621866073092109506e+00 -8.310240025059887557e+04 0.000000000000000000e+00
3.619103883309109815e+00 -7.486873343104353989e+04 0.000000000000000000e+00
3.636710707505959927e+00 -4.070918388434898225e+05 0.000000000000000000e+00
3.619098126729491494e+00 -7.486862844442955975e+04 0.000000000000000000e+00
3.672006600933653608e+00 -3.070986047968649305e+06 0.000000000000000000e+00
3.628346918620705797e+00 -1.665357259873581934e+05 0.000000000000000000e+00
3.619093185783330835e+00 -7.486859490624690079e+04 0.000000000000000000e+00
3.619059628442850673e+00 -7.486974988302803831e+04 0.000000000000000000e+00
3.619094080019001680e+00 -7.486859710293292301e+04 0.000000000000000000e+00
3.618769912238820385e+00 -7.497996571707772091e+04 0.000000000000000000e+00
3.619122543933993796e+00 -7.486956144219686394e+04 0.000000000000000000e+00
3.620464848640601030e+00 -7.688443038478006201e+04 0.000000000000000000e+00
3.619088244754097516e+00 -7.486861362856582855e+04 0.000000000000000000e+00
3.619353465988157659e+00 -7.494149540608073585e+04 0.000000000000000000e+00
3.618559026841680293e+00 -7.517318630273247254e+04 0.000000000000000000e+00
3.619073887214381280e+00 -7.486896459807993961e+04 0.000000000000000000e+00
3.163017152725523751e+00 -2.188758266621580720e+08 0.000000000000000000e+00
3.777034809526061743e+00 -2.671958665096666291e+07 0.000000000000000000e+00
3.609745807856282074e+00 -1.683722176249634649e+05 0.000000000000000000e+00
3.618579330198814059e+00 -7.515044206821425178e+04 0.000000000000000000e+00
3.619075826398554963e+00 -7.486889141970325727e+04 0.000000000000000000e+00
3.619132419563844572e+00 -7.487030127766096848e+04 0.000000000000000000e+00
3.619093799328071182e+00 -7.486859622908817255e+04 0.000000000000000000e+00
3.619314864200747994e+00 -7.492152463973959675e+04 0.000000000000000000e+00
3.619088987527844026e+00 -7.486860747641914350e+04 0.000000000000000000e+00
3.619097390613945198e+00 -7.486862013489464880e+04 0.000000000000000000e+00
3.620422234029736064e+00 -7.676118268592323875e+04 0.000000000000000000e+00
3.623031155765235489e+00 -9.147271212033557822e+04 0.000000000000000000e+00
3.345264621510310565e+00 -7.982969732295051217e+07 0.000000000000000000e+00
3.619102153567722358e+00 -7.486869442933305982e+04 0.000000000000000000e+00
3.593194385721387274e+00 -7.927101673612708692e+05 0.000000000000000000e+00
3.620540627298468372e+00 -7.711319600575868390e+04 0.000000000000000000e+00
3.619230241796095093e+00 -7.488890582960538450e+04 0.000000000000000000e+00
3.619093398615400137e+00 -7.486859527384367539e+04 0.000000000000000000e+00
3.619126999587894744e+00 -7.486986939076820272e+04 0.000000000000000000e+00
3.619081031442726193e+00 -7.486873479986930033e+04 0.000000000000000000e+00
3.619090875537927854e+00 -7.486859715492649411e+04 0.000000000000000000e+00
3.619196911898725944e+00 -7.488026620887643367e+04 0.000000000000000000e+00
3.619093733608559571e+00 -7.486859604885774024e+04 0.000000000000000000e+00
3.619093299272785114e+00 -7.486859509019434336e+04 0.000000000000000000e+00
3.618866702299077254e+00 -7.492315757562709041e+04 0.000000000000000000e+00
3.619097724825439677e+00 -7.486862376382618095e+04 0.000000000000000000e+00
3.619139490249600577e+00 -7.487095922896056436e+04 0.000000000000000000e+00
3.619099967612675606e+00 -7.486865430256287800e+04 0.000000000000000000e+00
3.622446471577591698e+00 -8.690894756270395010e+04 0.000000000000000000e+00
3.619152288375392601e+00 -7.487242230491587543e+04 0.000000000000000000e+00
3.619106716838540905e+00 -7.486881116017018212e+04 0.000000000000000000e+00
3.615720306714140353e+00 -8.703991832284946577e+04 0.000000000000000000e+00
3.489718309915721850e+00 -1.796470767549703270e+07 0.000000000000000000e+00
3.619011393975097413e+00 -7.487563266047145589e+04 0.000000000000000000e+00
3.619086816471620782e+00 -7.486862877751543419e+04 0.000000000000000000e+00
3.619096637609257261e+00 -7.486861283488463960e+04 0.000000000000000000e+00
3.619092593832072602e+00 -7.486859439374200883e+04 0.000000000000000000e+00
3.619097304033706219e+00 -7.486861923378542997e+04 0.000000000000000000e+00
3.572358372735612075e+00 -2.412123292496742681e+06 0.000000000000000000e+00
3.638248768716473069e+00 -4.676277427899910836e+05 0.000000000000000000e+00
3.619101055657200305e+00 -7.486867299680560245e+04 0.000000000000000000e+00
3.619093917086637191e+00 -7.486859657515666913e+04 0.000000000000000000e+00
3.619093278949755188e+00 -7.486859505522699328e+04 0.000000000000000000e+00
3.619284039488983140e+00 -7.490786792838195106e+04 0.000000000000000000e+00
3.619268744218895328e+00 -7.490184647540930018e+04 0.000000000000000000e+00
3.619022337944178602e+00 -7.487386110336758429e+04 0.000000000000000000e+00
3.619085431847678169e+00 -7.486864763213839615e+04 0.000000000000000000e+00
3.619321434642321922e+00 -7.492469861867174041e+04 0.000000000000000000e+00
3.588678784970414704e+00 -1.064838825491483323e+06 0.000000000000000000e+00
3.611080127701518538e+00 -1.435810416217772290e+05 0.000000000000000000e+00
3.619088376921757444e+00 -7.486861244748759782e+04 0.000000000000000000e+00
3.619095001534478939e+00 -7.486860115755083098e+04 0.000000000000000000e+00
3.621621797744529747e+00 -8.171593284908792702e+04 0.000000000000000000e+00
3.621135546932290783e+00 -7.933625161584076704e+04 0.000000000000000000e+00
3.632147681628914437e+00 -2.572908107664710842e+05 0.000000000000000000e+00
3.619196092908071094e+00 -7.488008384847488196e+04 0.000000000000000000e+00
3.619092735696294749e+00 -7.486859444822507794e+04 0.000000000000000000e+00
3.619500980133951717e+00 -7.504719793389664846e+04 0.000000000000000000e+00
3.620036894808399186e+00 -7.582323014828367741e+04 0.000000000000000000e+00
3.619232711129552804e+00 -7.488964053601463092e+04 0.000000000000000000e+00
4.151032318696831425e+00 -2.958605806177767515e+08 0.000000000000000000e+00
3.625582578857461602e+00 -1.199520781509660446e+05 0.000000000000000000e+00
3.621244478945794043e+00 -7.982536548090535507e+04 0.000000000000000000e+00
3.619090022179415111e+00 -7.486860087509625009e+04 0.000000000000000000e+00
3.619099519240961182e+00 -7.486864733619637263e+04 0.000000000000000000e+00
3.641515629992474690e+00 -6.130044443460528273e+05 0.000000000000000000e+00
3.616922657628933724e+00 -7.990786202485140529e+04 0.000000000000000000e+00
3.619128845917677584e+00 -7.487000945206629694e+04 0.000000000000000000e+00
3.619092195115961808e+00 -7.486859447131282650e+04 0.000000000000000000e+00
3.554067018126923383e+00 -4.598956296943038702e+06 0.000000000000000000e+00
3.625561727639500020e+00 -1.196628582204961276e+05 0.000000000000000000e+00
3.649868606269550231e+00 -1.088571205655763391e+06 0.000000000000000000e+00
3.623899161829482019e+00 -9.959756465956507600e+04 0.000000000000000000e+00
3.619352600146985122e+00 -7.494101248899751226e+04 0.000000000000000000e+00
3.619030923578764991e+00 -7.487265076841690461e+04 0.000000000000000000e+00
3.619417992735117107e+00 -7.498200109159752901e+04 0.000000000000000000e+00
3.619141419614462230e+00 -7.487115734849992441e+04 0.000000000000000000e+00
3.619084693591570812e+00 -7.486865936252669781e+04 0.000000000000000000e+00
3.623701887444230607e+00 -9.760938213408143201e+04 0.000000000000000000e+00
3.619284144164792050e+00 -7.490791086260153679e+04 0.000000000000000000e+00
3.619130145010868382e+00 -7.487011237394891214e+04 0.000000000000000000e+00
3.619018588721435226e+00 -7.487443913772373344e+04 0.000000000000000000e+00
3.618925454062357439e+00 -7.489845596123654104e+04 0.000000000000000000e+00
2.805002140260503207e+00 -6.711064221361503601e+08 0.000000000000000000e+00
3.675640625974193831e+00 -3.496537733171707951e+06 0.000000000000000000e+00
3.619095227851241603e+00 -7.486860243137620273e+04 0.000000000000000000e+00
3.619092090203307244e+00 -7.486859454827690206e+04 0.000000000000000000e+00
3.621287307903223507e+00 -8.002462795420948532e+04 0.000000000000000000e+00
3.618854585953347858e+00 -7.492917082770375418e+04 0.000000000000000000e+00
3.619065726423771334e+00 -7.486936077975669468e+04 0.000000000000000000e+00
3.619840392268760532e+00 -7.546729837853019126e+04 0.000000000000000000e+00
3.619100555984990919e+00 -7.486866409701619705e+04 0.000000000000000000e+00
3.619081281198203826e+00 -7.486872874290330219e+04 0.000000000000000000e+00
3.619094253025973540e+00 -7.486859772555041127e+04 0.000000000000000000e+00
3.618996499891705021e+00 -7.487845554199875914e+04 0.000000000000000000e+00
3.619103463703185586e+00 -7.486872338148741983e+04 0.000000000000000000e+00
2.926737737044865284e+00 -4.929718558582721949e+08 0.000000000000000000e+00
3.629071558013746035e+00 -1.814530449892171891e+05 0.000000000000000000e+00
3.619329185943053417e+00 -7.492856185391178587e+04 0.000000000000000000e+00
3.619161908693054208e+00 -7.487375293575506657e+04 0.000000000000000000e+00
3.619070141592637846e+00 -7.486912873606209178e+04 0.000000000000000000e+00
3.624789070989847151e+00 -1.096018243239754520e+05 0.000000000000000000e+00
3.619030050430206646e+00 -7.487276665025622060e+04 0.000000000000000000e+00
3.619085903975042484e+00 -7.486864074199864990e+04 0.000000000000000000e+00
3.644624492080570377e+00 -7.725600322035901481e+05 0.000000000000000000e+00
3.631903985661924406e+00 -2.505440658945361210e+05 0.000000000000000000e+00
3.619049284999720228e+00 -7.487059190411577583e+04 0.000000000000000000e+00
3.619090648721040804e+00 -7.486859799161790579e+04 0.000000000000000000e+00
3.841118443064209576e+00 -5.262088435263985395e+07 0.000000000000000000e+00
4.291362115965426050e+00 -4.658599082636677027e+08 0.000000000000000000e+00
3.610850072682673773e+00 -1.475834818347694818e+05 0.000000000000000000e+00
3.619115560486177774e+00 -7.486916428990685381e+04 0.000000000000000000e+00
3.619690887772125443e+00 -7.525186342795405653e+04 0.000000000000000000e+00
3.619405828202843178e+00 -7.497368323280624463e+04 0.000000000000000000e+00
3.619076744962493208e+00 -7.486885956578637706e+04 0.000000000000000000e+00
3.615373427897634606e+00 -8.967270637143804925e+04 0.000000000000000000e+00
3.588782558593020866e+00 -1.058095175195517484e+06 0.000000000000000000e+00
3.625483734957855475e+00 -1.185893001890609157e+05 0.000000000000000000e+00
3.617080878544529643e+00 -7.919974348568479763e+04 0.000000000000000000e+00
3.619090357983907769e+00 -7.486859922515400103e+04 0.000000000000000000e+00
3.669839367405417718e+00 -2.830636322701842524e+06 0.000000000000000000e+00
3.619051860499563400e+00 -7.487036082893822459e+04 0.000000000000000000e+00
3.619092682067794442e+00 -7.486859442256305192e+04 0.000000000000000000e+00
3.618114797102942148e+00 -7.589169382148497971e+04 0.000000000000000000e+00
3.619152327678375247e+00 -7.487242733804858290e+04 0.000000000000000000e+00
3.619092229662961291e+00 -7.486859445112460526e+04 0.000000000000000000e+00
3.519997027366160047e+00 -1.057679959450946376e+07 0.000000000000000000e+00
3.633427820301835975e+00 -2.948192888643058250e+05 0.000000000000000000e+00
3.619036697394056645e+00 -7.487192556120442168e+04 0.000000000000000000e+00
3.619103209352779071e+00 -7.486871747327582852e+04 0.000000000000000000e+00
3.619128845917677584e+00 -7.487000945206629694e+04 0.000000000000000000e+00
3.599731505446290392e+00 -4.760660666608413449e+05 0.000000000000000000e+00
3.619085592051107358e+00 -7.486864524067245657e+04 0.000000000000000000e+00
3.619034795648565783e+00 -7.487215654414320306e+04 0.000000000000000000e+00
3.619042063933972653e+00 -7.487131549866894784e+04 0.000000000000000000e+00
3.619106973831205387e+00 -7.486881906007073121e+04 0.000000000000000000e+00
3.619176949225133555e+00 -7.487623025963886175e+04 0.000000000000000000e+00
3.755015221921141233e+00 -1.981875164382491261e+07 0.000000000000000000e+00
3.621914951870429888e+00 -8.339516499551851302e+04 0.000000000000000000e+00
3.619099074259504167e+00 -7.486864084798612748e+04 0.000000000000000000e+00
3.619039856643398334e+00 -7.487155895729889744e+04 0.000000000000000000e+00
3.619498003354728599e+00 -7.504460438213990710e+04 0.000000000000000000e+00
3.619101055657200305e+00 -7.486867299680560245e+04 0.000000000000000000e+00
3.619124086829320408e+00 -7.486966326789684535e+04 0.000000000000000000e+00
3.619106968105324285e+00 -7.486881888251719647e+04 0.000000000000000000e+00
3.619085121760529322e+00 -7.486865241710604460e+04 0.000000000000000000e+00
3.619095993193552463e+00 -7.486860755144411814e+04 0.000000000000000000e+00
3.619098978889804474e+00 -7.486863951257182634e+04 0.000000000000000000e+00
3.619790134943575488e+00 -7.538953923145384761e+04 0.000000000000000000e+00
3.619120608505006498e+00 -7.486944091615328216e+04 0.000000000000000000e+00
3.619201713713177337e+00 -7.488136429223279993e+04 0.000000000000000000e+00
3.619110744766635079e+00 -7.486895123509435507e+04 0.000000000000000000e+00
3.614096786962878838e+00 -1.015807295791916840e+05 0.000000000000000000e+00
3.514958153373651140e+00 -1.167098229543090053e+07 0.000000000000000000e+00
3.632147079952461333e+00 -2.572739967620148382e+05 0.000000000000000000e+00
3.619440821368245853e+00 -7.499846587254529004e+04 0.000000000000000000e+00
3.619073399930027524e+00 -7.486898425210843561e+04 0.000000000000000000e+00
3.619087908079086979e+00 -7.486861680611525662e+04 0.000000000000000000e+00
3.619094369467975802e+00 -7.486859818067512242e+04 0.000000000000000000e+00
3.610850072682673773e+00 -1.475834818347694818e+05 0.000000000000000000e+00
3.619052670157081320e+00 -7.487029111962234310e+04 0.000000000000000000e+00
4.175087353751848696e+00 -3.225096553857938051e+08 0.000000000000000000e+00
3.619076477252865409e+00 -7.486886866291503247e+04 0.000000000000000000e+00
3.619094675310666975e+00 -7.486859951432756498e+04 0.000000000000000000e+00
3.619302121522303128e+00 -7.491563245113547600e+04 0.000000000000000000e+00
3.541206289245761418e+00 -6.564477380196761340e+06 0.000000000000000000e+00
3.588782558593020866e+00 -1.058095175195517484e+06 0.000000000000000000e+00
3.625112862732386532e+00 -1.136624731017515733e+05 0.000000000000000000e+00
3.618807735902366041e+00 -7.495537902539817151e+04 0.000000000000000000e+00
3.619283747916152372e+00 -7.490774845944528352e+04 0.000000000000000000e+00
3.619200366772563626e+00 -7.488105129182589008e+04 0.000000000000000000e+00
3.619166386198558794e+00 -7.487443980277859373e+04 0.000000000000000000e+00
3.620459920972173951e+00 -7.686998007645577309e+04 0.000000000000000000e+00
4.437962084221387826e+00 -6.785619652879660130e+08 0.000000000000000000e+00
3.631455690446032669e+00 -2.384649787450834410e+05 0.000000000000000000e+00
3.619085706746516529e+00 -7.486864356228435645e+04 0.000000000000000000e+00
3.576274411594367653e+00 -2.036895615094018634e+06 0.000000000000000000e+00
3.619031166548865031e+00 -7.487261881235851615e+04 0.000000000000000000e+00
3.619100587849185757e+00 -7.486866464860195993e+04 0.000000000000000000e+00
3.619104572401939279e+00 -7.486875075253519753e+04 0.000000000000000000e+00
3.619129725850101842e+00 -7.487007877076935256e+04 0.000000000000000000e+00
3.619018588721435226e+00 -7.487443913772373344e+04 0.000000000000000000e+00
3.619093704801715106e+00 -7.486859597277181456e+04 0.000000000000000000e+00
3.618859003381532879e+00 -7.492694208977482049e+04 0.000000000000000000e+00
3.712000171140281690e+00 -9.307126996148254722e+06 0.000000000000000000e+00
3.619085012506758403e+00 -7.486865415204135934e+04 0.000000000000000000e+00
3.619095978409352821e+00 -7.486860744066213374e+04 0.000000000000000000e+00
3.618982170517688779e+00 -7.488161959810867847e+04 0.000000000000000000e+00
3.619091291205909666e+00 -7.486859590743492299e+04 0.000000000000000000e+00
3.619088109783161311e+00 -7.486861487328709336e+04 0.000000000000000000e+00
3.619091248118740278e+00 -7.486859601956442930e+04 0.000000000000000000e+00
3.619447579368443080e+00 -7.500355397884405102e+04 0.000000000000000000e+00
3.619110120182982726e+00 -7.486892723945112084e+04 0.000000000000000000e+00
3.619583690314763125e+00 -7.512684570606012130e+04 0.000000000000000000e+00
3.619105939550025575e+00 -7.486878812696397654e+04 0.000000000000000000e+00
3.618923650528123925e+00 -7.489910430849419208e+04 0.000000000000000000e+00
3.619023283178250505e+00 -7.487372012185773929e+04 0.000000000000000000e+00
3.619144093575439758e+00 -7.487144510272983462e+04 0.000000000000000000e+00
3.582072608063420205e+00 -1.541555571635964559e+06 0.000000000000000000e+00
3.621111283145728166e+00 -7.923076429885698599e+04 0.000000000000000000e+00
3.619190301803821619e+00 -7.487883534522997797e+04 0.000000000000000000e+00
3.613473707104730259e+00 -1.086594920237388869e+05 0.000000000000000000e+00
3.615783653491172256e+00 -8.658693422470783116e+04 0.000000000000000000e+00
3.619084616567489032e+00 -7.486866065360052744e+04 0.000000000000000000e+00
3.619038162677749249e+00 -7.487175287084025331e+04 0.000000000000000000e+00
3.619207401671101998e+00 -7.488272888125377358e+04 0.000000000000000000e+00
3.618913156367301820e+00 -7.490301495389748015e+04 0.000000000000000000e+00
3.619479474835312960e+00 -7.502888768957697903e+04 0.000000000000000000e+00
3.637384763716097869e+00 -4.329984922049033339e+05 0.000000000000000000e+00
3.619091137150203696e+00 -7.486859632664444507e+04 0.000000000000000000e+00
3.619133756655226630e+00 -7.487041749304943369e+04 0.000000000000000000e+00
3.598266393755739312e+00 -5.390812081085831160e+05 0.000000000000000000e+00
3.619090244369784770e+00 -7.486859975636724266e+04 0.000000000000000000e+00
3.614268940557808119e+00 -9.977143428801916889e+04 0.000000000000000000e+00
3.619444808966480132e+00 -7.500145631576125743e+04 0.000000000000000000e+00
3.621111283145728166e+00 -7.923076429885698599e+04 0.000000000000000000e+00
3.619129316519066553e+00 -7.487004631859503570e+04 0.000000000000000000e+00
3.619091063088009541e+00 -7.486859654626324482e+04 0.000000000000000000e+00
3.619001749088261111e+00 -7.487740647120428912e+04 0.000000000000000000e+00
3.619042329876928754e+00 -7.487128686982275394e+04 0.000000000000000000e+00
3.619103578476996930e+00 -7.486872609287084197e+04 0.000000000000000000e+00
3.619107218986725716e+00 -7.486882672786050534e+04 0.000000000000000000e+00
3.615100753219867791e+00 -9.192310611580072145e+04 0.000000000000000000e+00
3.627236578584309257e+00 -1.458590818083906779e+05 0.000000000000000000e+00
3.618802824887672021e+00 -7.495839835308294278e+04 0.000000000000000000e+00
3.616932347212339582e+00 -7.986295582287735306e+04 0.000000000000000000e+00
3.618986667848103966e+00 -7.488057921891957812e+04 0.000000000000000000e+00
3.619122543933993796e+00 -7.486956144219686394e+04 0.000000000000000000e+00
3.618873154317430618e+00 -7.492008371602342231e+04 0.000000000000000000e+00
3.617238995037653559e+00 -7.854562804490365670e+04 0.000000000000000000e+00
3.619494249454105805e+00 -7.504136079802984023e+04 0.000000000000000000e+00
3.618855988572795113e+00 -7.492845863399977679e+04 0.000000000000000000e+00
3.619013343062653654e+00 -7.487529838674984057e+04 0.000000000000000000e+00
3.618296933550042560e+00 -7.554600811423157575e+04 0.000000000000000000e+00
3.645352402110924483e+00 -8.129067563940873370e+05 0.000000000000000000e+00
3.619093141293415972e+00 -7.486859484165709000e+04 0.000000000000000000e+00
3.614899472314120121e+00 -9.368639558448747266e+04 0.000000000000000000e+00
3.662326356264623328e+00 -2.075180316808745963e+06 0.000000000000000000e+00
3.620207872006067529e+00 -7.620017640443288838e+04 0.000000000000000000e+00
3.619067267479131100e+00 -7.486927504735960974e+04 0.000000000000000000e+00
3.619092134926622073e+00 -7.486859451258668560e+04 0.000000000000000000e+00
3.619094525286827402e+00 -7.486859883511569933e+04 0.000000000000000000e+00
5.661342104187497171e+00 -3.112978680554618835e+09 0.000000000000000000e+00
3.619083777518470768e+00 -7.486867554037658556e+04 0.000000000000000000e+00
3.619083669843931705e+00 -7.486867755989218131e+04 0.000000000000000000e+00
3.605378368923371379e+00 -2.761695996111682034e+05 0.000000000000000000e+00
3.619127449718309464e+00 -7.486990286467807891e+04 0.000000000000000000e+00
3.618893323657841332e+00 -7.491104937027391861e+04 0.000000000000000000e+00
3.619119992380102069e+00 -7.486940423050144454e+04 0.000000000000000000e+00
3.619093482390638439e+00 -7.486859544513418223e+04 0.000000000000000000e+00
3.619081986414938612e+00 -7.486871236110705649e+04 0.000000000000000000e+00
3.619104572401939279e+00 -7.486875075253519753e+04 0.000000000000000000e+00
3.618904153433670778e+00 -7.490655776988033904e+04 0.000000000000000000e+00
3.593626528566159717e+00 -7.689551155954746064e+05 0.000000000000000000e+00
3.619077243152772461e+00 -7.486884304501963197e+04 0.000000000000000000e+00
3.617907820132499008e+00 -7.637072713391587604e+04 0.000000000000000000e+00
3.942173054156427270e+00 -1.108284542662659585e+08 0.000000000000000000e+00
3.622263805103006717e+00 -8.563316682200544165e+04 0.000000000000000000e+00
3.619135903370374496e+00 -7.487061208286022884e+04 0.000000000000000000e+00
3.619120616140121260e+00 -7.486944137586429133e+04 0.000000000000000000e+00
3.619089717144833074e+00 -7.486860258307862387e+04 0.000000000000000000e+00
3.619105939550025575e+00 -7.486878812696397654e+04 0.000000000000000000e+00
3.619089932385709307e+00 -7.486860135719185928e+04 0.000000000000000000e+00
3.618483399104720277e+00 -7.526567132243365631e+04 0.000000000000000000e+00
3.619097603036747657e+00 -7.486862241373170400e+04 0.000000000000000000e+00
3.619284099017865408e+00 -7.490789234209414280e+04 0.000000000000000000e+00
3.611084051254654703e+00 -1.435137631752230809e+05 0.000000000000000000e+00
3.619077783204304843e+00 -7.486882573620634503e+04 0.000000000000000000e+00
3.473790967385955497e+00 -2.263248286271896958e+07 0.000000000000000000e+00
3.635479060718251443e+00 -3.622666110635320074e+05 0.000000000000000000e+00
2.990621784799092797e+00 -4.090954598923784494e+08 0.000000000000000000e+00
3.619106380808547296e+00 -7.486880104396896786e+04 0.000000000000000000e+00
3.562272370509156350e+00 -3.529521762789349072e+06 0.000000000000000000e+00
3.620655557270059610e+00 -7.748361378213256830e+04 0.000000000000000000e+00
3.618602006708759422e+00 -7.512608255728268705e+04 0.000000000000000000e+00
3.619200366772563626e+00 -7.488105129182589008e+04 0.000000000000000000e+00
3.028352617524996404e+00 -3.628545370824692249e+08 0.000000000000000000e+00
3.620487000149261281e+00 -7.695003135744735482e+04 0.000000000000000000e+00
3.378341505406675882e+00 -6.181314756461244822e+07 0.000000000000000000e+00
3.619001983760781194e+00 -7.487736094847766799e+04 0.000000000000000000e+00
3.618308072788459562e+00 -7.552717076301544148e+04 0.000000000000000000e+00
3.622032111779809327e+00 -8.411772808066403377e+04 0.000000000000000000e+00
3.882010765534761543e+00 -7.363719482702969015e+07 0.000000000000000000e+00
3.619094535705720705e+00 -7.486859888072835747e+04 0.000000000000000000e+00
3.619075826398554963e+00 -7.486889141970325727e+04 0.000000000000000000e+00
3.486371776187024984e+00 -1.890081763839180768e+07 0.000000000000000000e+00
3.619099811805039035e+00 -7.486865183298551710e+04 0.000000000000000000e+00
3.619090049959765132e+00 -7.486860072944144486e+04 0.000000000000000000e+00
3.617560309330099422e+00 -7.738125785768295464e+04 0.000000000000000000e+00
3.619750238395527564e+00 -7.533166027460590703e+04 0.000000000000000000e+00
3.619256962718721216e+00 -7.489754976601993258e+04 0.000000000000000000e+00
3.619093529780610830e+00 -7.486859554868240957e+04 0.000000000000000000e+00
3.617011856828353800e+00 -7.950206088152137818e+04 0.000000000000000000e+00
3.619160421060187982e+00 -7.487353422502582544e+04 0.000000000000000000e+00
3.618893323657841332e+00 -7.491104937027391861e+04 0.000000000000000000e+00
3.618408752459537858e+00 -7.536896295139186259e+04 0.000000000000000000e+00
3.618976855732941367e+00 -7.488290489800364594e+04 0.000000000000000000e+00
3.595190481063866628e+00 -6.863243670468187192e+05 0.000000000000000000e+00
3.629387897064572321e+00 -1.883175981142972014e+05 0.000000000000000000e+00
3.619094153046042539e+00 -7.486859735792671563e+04 0.000000000000000000e+00
3.619089321754812794e+00 -7.486860509340671706e+04 0.000000000000000000e+00
3.619093950169788076e+00 -7.486859667772258399e+04 0.000000000000000000e+00
3.618769912238820385e+00 -7.497996571707772091e+04 0.000000000000000000e+00
3.619354282121784561e+00 -7.494195206837335718e+04 0.000000000000000000e+00
3.619856645884872215e+00 -7.549360337230381265e+04 0.000000000000000000e+00
3.619115424981075080e+00 -7.486915761615781230e+04 0.000000000000000000e+00
3.619079641124649527e+00 -7.486877095787152939e+04 0.000000000000000000e+00
3.618970818900295150e+00 -7.488443816147834877e+04 0.000000000000000000e+00
3.619090436786019271e+00 -7.486859887293852807e+04 0.000000000000000000e+00
3.619169849467433142e+00 -7.487500051704078214e+04 0.000000000000000000e+00
3.619108013109136213e+00 -7.486885244918131502e+04 0.000000000000000000e+00
3.619110044768439671e+00 -7.486892439863138134e+04 0.000000000000000000e+00
3.631781785585896927e+00 -2.472087988811186515e+05 0.000000000000000000e+00
3.618968125474383513e+00 -7.488514741863390373e+04 0.000000000000000000e+00
3.619100209533086421e+00 -7.486865824002929730e+04 0.000000000000000000e+00
3.617853769441870870e+00 -7.651092453105811728e+04 0.000000000000000000e+00
3.619039856643398334e+00 -7.487155895729889744e+04 0.000000000000000000e+00
3.619072323983508976e+00 -7.486902944936379208e+04 0.000000000000000000e+00
3.618299648392424572e+00 -7.554139261727043777e+04 0.000000000000000000e+00
3.619052539293305948e+00 -7.487030229156069981e+04 0.000000000000000000e+00
3.619074720012905644e+00 -7.486893218482946395e+04 0.000000000000000000e+00
3.619169849467433142e+00 -7.487500051704078214e+04 0.000000000000000000e+00
3.619101812495526982e+00 -7.486868749490469054e+04 0.000000000000000000e+00
3.615053250896670178e+00 -9.233142417494577239e+04 0.000000000000000000e+00
3.618916976862616597e+00 -7.490156395778618753e+04 0.000000000000000000e+00
3.625561727639500020e+00 -1.196628582204961276e+05 0.000000000000000000e+00
3.616481908812093415e+00 -8.216299652897917258e+04 0.000000000000000000e+00
3.619019919958708975e+00 -7.487423044965532608e+04 0.000000000000000000e+00
3.602554161379698527e+00 -3.676140602792344871e+05 0.000000000000000000e+00
3.618794328308148511e+00 -7.496374404261406744e+04 0.000000000000000000e+00
3.619149022414375860e+00 -7.487201562060769356e+04 0.000000000000000000e+00
3.611874486700223486e+00 -1.306319363910979882e+05 0.000000000000000000e+00
3.619040646116942650e+00 -7.487147068229272554e+04 0.000000000000000000e+00
3.619103755653485077e+00 -7.486873033380271227e+04 0.000000000000000000e+00
3.619101459442981561e+00 -7.486868057919833518e+04 0.000000000000000000e+00
3.619417992735117107e+00 -7.498200109159752901e+04 0.000000000000000000e+00
3.619020716483406286e+00 -7.487410739846946672e+04 0.000000000000000000e+00
3.366502073813860463e+00 -6.800156750934666395e+07 0.000000000000000000e+00
1.550509037772056509e+00 -3.162857842848269463e+09 0.000000000000000000e+00
3.618749964450185708e+00 -7.499416593086952344e+04 0.000000000000000000e+00
3.619076873643062076e+00 -7.486885524764581351e+04 0.000000000000000000e+00
3.616685097128397253e+00 -8.107169950910194893e+04 0.000000000000000000e+00
3.619232730654875940e+00 -7.488964639744066517e+04 0.000000000000000000e+00
3.619093005754306702e+00 -7.486859467100593611e+04 0.000000000000000000e+00
3.619711182440118691e+00 -7.527830121453967877e+04 0.000000000000000000e+00
3.631455690446032669e+00 -2.384649787450834410e+05 0.000000000000000000e+00
3.619068671197273712e+00 -7.486920137968461495e+04 0.000000000000000000e+00
3.618859003381532879e+00 -7.492694208977482049e+04 0.000000000000000000e+00
3.618846344907292512e+00 -7.493344036237796536e+04 0.000000000000000000e+00
3.618899078857155338e+00 -7.490863116831242223e+04 0.000000000000000000e+00
3.809317004170136745e+00 -3.868845022365244478e+07 0.000000000000000000e+00
3.626042765348618246e+00 -1.265720937995943241e+05 0.000000000000000000e+00
3.620374457629964127e+00 -7.662762860778320464e+04 0.000000000000000000e+00
3.619533070656148155e+00 -7.507636162610111933e+04 0.000000000000000000e+00
3.619259836922940732e+00 -7.489857058549590874e+04 0.000000000000000000e+00
3.619047171419195852e+00 -7.487079214341167244e+04 0.000000000000000000e+00
3.619268744218895328e+00 -7.490184647540930018e+04 0.000000000000000000e+00
3.622172578522790065e+00 -8.502276480715067009e+04 0.000000000000000000e+00
3.619498003354728599e+00 -7.504460438213990710e+04 0.000000000000000000e+00
3.619028308134199179e+00 -7.487300276027413202e+04 0.000000000000000000e+00
3.619150828739543524e+00 -7.487223772599839140e+04 0.000000000000000000e+00
3.619090427657754905e+00 -7.486859891305785277e+04 0.000000000000000000e+00
3.619091408672264976e+00 -7.486859562192726298e+04 0.000000000000000000e+00
3.619092972898458882e+00 -7.486859463555979892e+04 0.000000000000000000e+00
3.619089974822820022e+00 -7.486860112720041070e+04 0.000000000000000000e+00
3.619093693262286138e+00 -7.486859594279140583e+04 0.000000000000000000e+00
3.618968308421894875e+00 -7.488509875166125130e+04 0.000000000000000000e+00
3.619064256114428613e+00 -7.486944731542064983e+04 0.000000000000000000e+00
3.621945391774032075e+00 -8.358007234775988036e+04 0.000000000000000000e+00
3.619097981937800412e+00 -7.486862671832900378e+04 0.000000000000000000e+00
3.588678784970414704e+00 -1.064838825491483323e+06 0.000000000000000000e+00
3.619088603812123495e+00 -7.486861050714192970e+04 0.000000000000000000e+00
3.619092935852562753e+00 -7.486859459836562746e+04 0.000000000000000000e+00
3.614119660629333097e+00 -1.013366778484068782e+05 0.000000000000000000e+00
3.617411544768087239e+00 -7.789287239303684328e+04 0.000000000000000000e+00
3.619076072502173336e+00 -7.486888270820003527e+04 0.000000000000000000e+00
3.619166812394642552e+00 -7.487450741986083449e+04 0.000000000000000000e+00
3.619186826691298986e+00 -7.487812061207689112e+04 0.000000000000000000e+00
5.078886532372063556e+00 -1.903601711301058054e+09 0.000000000000000000e+00
3.618104353417435970e+00 -7.591366809841743088e+04 0.000000000000000000e+00
3.619056529157473445e+00 -7.486997815357227228e+04 0.000000000000000000e+00
3.619092273251972802e+00 -7.486859442929961369e+04 0.000000000000000000e+00
3.619248612664623277e+00 -7.489468442568369210e+04 0.000000000000000000e+00
3.619200366772563626e+00 -7.488105129182589008e+04 0.000000000000000000e+00
3.619106137101392839e+00 -7.486879385837427981e+04 0.000000000000000000e+00
3.619093160595527880e+00 -7.486859486915954039e+04 0.000000000000000000e+00
3.344605463627187802e+00 -8.021171410281988978e+07 0.000000000000000000e+00
3.619012312888897576e+00 -7.487547405108333624e+04 0.000000000000000000e+00
3.902416752933165256e+00 -8.541975909601122141e+07 0.000000000000000000e+00
3.719631624442802487e+00 -1.088476554540202022e+07 0.000000000000000000e+00
3.618733387628397136e+00 -7.500661450076397159e+04 0.000000000000000000e+00
3.619093564107715544e+00 -7.486859562669030856e+04 0.000000000000000000e+00
3.008181407274315156e+00 -3.872645927627394199e+08 0.000000000000000000e+00
4.165520149937812278e+00 -3.117838681267278194e+08 0.000000000000000000e+00
3.618897209710767449e+00 -7.490940876605801168e+04 0.000000000000000000e+00
3.617509695662600944e+00 -7.755000560726603726e+04 0.000000000000000000e+00
3.177552782432278455e+00 -2.053750669088121653e+08 0.000000000000000000e+00
4.112103749717277879e+00 -2.550021090037994981e+08 0.000000000000000000e+00
3.618949652810699913e+00 -7.489043029879176174e+04 0.000000000000000000e+00
3.622873497104184271e+00 -9.017004557466466213e+04 0.000000000000000000e+00
3.618630596356618767e+00 -7.509693980864215700e+04 0.000000000000000000e+00
3.619092091966874314e+00 -7.486859454678844486e+04 0.000000000000000000e+00
3.608382784095581997e+00 -1.976316382467923686e+05 0.000000000000000000e+00
3.163487712622819803e+00 -2.184323931125589013e+08 0.000000000000000000e+00
3.619095278544115057e+00 -7.486860273173238966e+04 0.000000000000000000e+00
3.614455107032079617e+00 -9.788626457905818825e+04 0.000000000000000000e+00
3.618859003381532879e+00 -7.492694208977482049e+04 0.000000000000000000e+00
3.618979918548909769e+00 -7.488215682007512078e+04 0.000000000000000000e+00
3.626444037104147533e+00 -1.327145721938612987e+05 0.000000000000000000e+00
3.619166386198558794e+00 -7.487443980277859373e+04 0.000000000000000000e+00
3.619091050910425711e+00 -7.486859658349808888e+04 0.000000000000000000e+00
3.619076110404750413e+00 -7.486888137805750011e+04 0.000000000000000000e+00
3.619417992735117107e+00 -7.498200109159752901e+04 0.000000000000000000e+00
3.618858867672507529e+00 -7.492700993751130591e+04 0.000000000000000000e+00
3.619750238395527564e+00 -7.533166027460590703e+04 0.000000000000000000e+00
3.620308642641161256e+00 -7.645165127057963400e+04 0.000000000000000000e+00
3.619081986414938612e+00 -7.486871236110705649e+04 0.000000000000000000e+00
3.619139925364000199e+00 -7.487100321339868242e+04 0.000000000000000000e+00
3.619088733523700530e+00 -7.486860944736904639e+04 0.000000000000000000e+00
3.619375445049729301e+00 -7.495429150179510179e+04 0.000000000000000000e+00
3.619106107916889581e+00 -7.486879300640668953e+04 0.000000000000000000e+00
3.617223212827595180e+00 -7.860851347358140629e+04 0.000000000000000000e+00
4.734618986992048306e+00 -1.199474975012804031e+09 0.000000000000000000e+00
2.881347578365339945e+00 -5.566729517907955647e+08 0.000000000000000000e+00
3.619110626343012171e+00 -7.486894662126421463e+04 0.000000000000000000e+00
3.618749405988122891e+00 -7.499457574010061217e+04 0.000000000000000000e+00
3.619051860499563400e+00 -7.487036082893822459e+04 0.000000000000000000e+00
3.619089280699959943e+00 -7.486860537324164761e+04 0.000000000000000000e+00
3.618722210635002767e+00 -7.501534002294288075e+04 0.000000000000000000e+00
3.618802824887672021e+00 -7.495839835308294278e+04 0.000000000000000000e+00
3.619085374123817811e+00 -7.486864850728548481e+04 0.000000000000000000e+00
3.640587919258539973e+00 -5.693987684172029840e+05 0.000000000000000000e+00
3.619087168113158892e+00 -7.486862464264337905e+04 0.000000000000000000e+00
3.619102729918917571e+00 -7.486870671322529961e+04 0.000000000000000000e+00
3.619516069201069275e+00 -7.506063621823559515e+04 0.000000000000000000e+00
3.619035679229916536e+00 -7.487204826287819014e+04 0.000000000000000000e+00
3.619230361131787088e+00 -7.488894103566532431e+04 0.000000000000000000e+00
3.554067018126923383e+00 -4.598956296943038702e+06 0.000000000000000000e+00
3.600868351288977198e+00 -4.303352508560858550e+05 0.000000000000000000e+00
3.619000802176173259e+00 -7.487759135459200479e+04 0.000000000000000000e+00
3.619064583995939444e+00 -7.486942761689364852e+04 0.000000000000000000e+00
3.798626011287287163e+00 -3.448143759894288331e+07 0.000000000000000000e+00
3.487573088366474838e+00 -1.856204568168252707e+07 0.000000000000000000e+00
3.619166386198558794e+00 -7.487443980277859373e+04 0.000000000000000000e+00
3.619118066033434999e+00 -7.486929477302750456e+04 0.000000000000000000e+00
3.619013343062653654e+00 -7.487529838674984057e+04 0.000000000000000000e+00
3.619074221400071067e+00 -7.486895141293064808e+04 0.000000000000000000e+00
3.619082417194034562e+00 -7.486870287812533206e+04 0.000000000000000000e+00
3.619211859007856358e+00 -7.488384663520762115e+04 0.000000000000000000e+00
3.619060131523987422e+00 -7.486971476951248769e+04 0.000000000000000000e+00
3.619107442756088311e+00 -7.486883383906065137e+04 0.000000000000000000e+00
3.593626528566159717e+00 -7.689551155954746064e+05 0.000000000000000000e+00
3.619095117971596665e+00 -7.486860179922403768e+04 0.000000000000000000e+00
3.619160321377138168e+00 -7.487351973905158229e+04 0.000000000000000000e+00
3.466876170049457251e+00 -2.482632679852607846e+07 0.000000000000000000e+00
3.606671976792636070e+00 -2.399850128399993991e+05 0.000000000000000000e+00
3.630667995863479547e+00 -2.182829226880993228e+05 0.000000000000000000e+00
3.619128845917677584e+00 -7.487000945206629694e+04 0.000000000000000000e+00
3.656843571251769731e+00 -1.600060192550169770e+06 0.000000000000000000e+00
3.616801790691229535e+00 -8.048490740515742800e+04 0.000000000000000000e+00
3.619038162677749249e+00 -7.487175287084025331e+04 0.000000000000000000e+00
3.624518176747592690e+00 -1.063769831660606724e+05 0.000000000000000000e+00
3.619086418924980730e+00 -7.486863377095782198e+04 0.000000000000000000e+00
3.619139289061557907e+00 -7.487093902847080608e+04 0.000000000000000000e+00
3.618644197587921330e+00 -7.508368965102086077e+04 0.000000000000000000e+00
3.619060092656089189e+00 -7.486971746306124260e+04 0.000000000000000000e+00
3.615664457136761545e+00 -8.744641618341834692e+04 0.000000000000000000e+00
3.618370352515770438e+00 -7.542674480717800907e+04 0.000000000000000000e+00
3.599113306086607622e+00 -5.020948420956305927e+05 0.000000000000000000e+00
3.619030050430206646e+00 -7.487276665025622060e+04 0.000000000000000000e+00
3.618788405718429413e+00 -7.496756169109881739e+04 0.000000000000000000e+00
3.619043091006603152e+00 -7.487120577067759586e+04 0.000000000000000000e+00
3.616945153769256738e+00 -7.980391242148386664e+04 0.000000000000000000e+00
3.618967109751875189e+00 -7.488541892025325797e+04 0.000000000000000000e+00
3.618528131613026666e+00 -7.520948880444400129e+04 0.000000000000000000e+00
3.619249788299502502e+00 -7.489507881982164690e+04 0.000000000000000000e+00
3.619090556576203710e+00 -7.486859836298192386e+04 0.000000000000000000e+00
3.630841458091934815e+00 -2.226132845829993603e+05 0.000000000000000000e+00
3.624987013064807417e+00 -1.120575391071151098e+05 0.000000000000000000e+00
3.619090870422827955e+00 -7.486859717258124147e+04 0.000000000000000000e+00
3.619082507396356174e+00 -7.486870094275032170e+04 0.000000000000000000e+00
3.618299648392424572e+00 -7.554139261727043777e+04 0.000000000000000000e+00
3.630883159935454962e+00 -2.236639447428187414e+05 0.000000000000000000e+00
3.618358006754779588e+00 -7.544599249783891719e+04 0.000000000000000000e+00
3.615362717495975264e+00 -8.975809688579862996e+04 0.000000000000000000e+00
3.975361729902104013e+00 -1.344983730433339775e+08 0.000000000000000000e+00
3.626241769862198705e+00 -1.295752789831861446e+05 0.000000000000000000e+00
3.619731102058016958e+00 -7.530510781470415532e+04 0.000000000000000000e+00
3.615370162623225969e+00 -8.969871331182974973e+04 0.000000000000000000e+00
3.619099232959858359e+00 -7.486864311334365630e+04 0.000000000000000000e+00
3.618811978534929974e+00 -7.495281219073206012e+04 0.000000000000000000e+00
3.619097535051089665e+00 -7.486862167388210946e+04 0.000000000000000000e+00
3.619018588721435226e+00 -7.487443913772373344e+04 0.000000000000000000e+00
3.619038162677749249e+00 -7.487175287084025331e+04 0.000000000000000000e+00
3.619096413440327620e+00 -7.486861089613623335e+04 0.000000000000000000e+00
3.619080918630924959e+00 -7.486873757951142034e+04 0.000000000000000000e+00
3.619081031442726193e+00 -7.486873479986930033e+04 0.000000000000000000e+00
3.619102153567722358e+00 -7.486869442933305982e+04 0.000000000000000000e+00
3.619107017463567999e+00 -7.486882041535932512e+04 0.000000000000000000e+00
3.640089496018625859e+00 -5.467317494789127959e+05 0.000000000000000000e+00
3.619047681868181598e+00 -7.487074290792574175e+04 0.000000000000000000e+00
3.552217871251222014e+00 -4.859822987664389424e+06 0.000000000000000000e+00
3.618561696413250761e+00 -7.517014540890936041e+04 0.000000000000000000e+00
3.616075268640068785e+00 -8.461242592310247710e+04 0.000000000000000000e+00
3.619257669311465087e+00 -7.489779908436874393e+04 0.000000000000000000e+00
3.648269308238251796e+00 -9.859606804387803422e+05 0.000000000000000000e+00
3.607708926427737328e+00 -2.135660570151899883e+05 0.000000000000000000e+00
3.618925454062357439e+00 -7.489845596123654104e+04 0.000000000000000000e+00
3.619040275808892204e+00 -7.487151192215991614e+04 0.000000000000000000e+00
3.618159053317275387e+00 -7.580116657604699139e+04 0.000000000000000000e+00
3.619070081374518022e+00 -7.486913162019569427e+04 0.000000000000000000e+00
3.619092253626380540e+00 -7.486859443862280750e+04 0.000000000000000000e+00
3.619101068499068319e+00 -7.486867323258100078e+04 0.000000000000000000e+00
2.881347578365339945e+00 -5.566729517907955647e+08 0.000000000000000000e+00
3.619378942117008613e+00 -7.495642283365773619e+04 0.000000000000000000e+00
3.619311884841653004e+00 -7.492011585597244266e+04 0.000000000000000000e+00
3.619040026980011149e+00 -7.487153979822681868e+04 0.000000000000000000e+00
3.580410379814952915e+00 -1.676207086019582581e+06 0.000000000000000000e+00
3.619559592710714924e+00 -7.510212857844315295e+04 0.000000000000000000e+00
3.619087493136355693e+00 -7.486862105616909685e+04 0.000000000000000000e+00
3.569066154639870980e+00 -2.752950221929121763e+06 0.000000000000000000e+00
3.619653907039127816e+00 -7.520595581585861510e+04 0.000000000000000000e+00
3.619090648721040804e+00 -7.486859799161790579e+04 0.000000000000000000e+00
3.619090232165804277e+00 -7.486859981507108023e+04 0.000000000000000000e+00
3.619084678322920912e+00 -7.486865961744968081e+04 0.000000000000000000e+00
3.618670138213599508e+00 -7.505951648147396918e+04 0.000000000000000000e+00
3.619152392100454918e+00 -7.487243559508078033e+04 0.000000000000000000e+00
3.618991100797756655e+00 -7.487959610470975167e+04 0.000000000000000000e+00
3.619053244124720958e+00 -7.487024255257353070e+04 0.000000000000000000e+00
3.619099191188769993e+00 -7.486864251185703324e+04 0.000000000000000000e+00
3.619166386198558794e+00 -7.487443980277859373e+04 0.000000000000000000e+00
3.619096602084245884e+00 -7.486861252047047310e+04 0.000000000000000000e+00
3.539282952989992292e+00 -6.888773739428294823e+06 0.000000000000000000e+00
3.619089949921086458e+00 -7.486860126168935676e+04 0.000000000000000000e+00
3.619201132001589549e+00 -7.488122863835962198e+04 0.000000000000000000e+00
3.619089867663854765e+00 -7.486860171538365830e+04 0.000000000000000000e+00
3.619102600034277195e+00 -7.486870388289884431e+04 0.000000000000000000e+00
3.610471724170415619e+00 -1.544122644145915692e+05 0.000000000000000000e+00
3.619084756239090428e+00 -7.486865832179821155e+04 0.000000000000000000e+00
3.619098752787010653e+00 -7.486863642436402733e+04 0.000000000000000000e+00
3.619098260954760615e+00 -7.486863008465067833e+04 0.000000000000000000e+00
3.618644197587921330e+00 -7.508368965102086077e+04 0.000000000000000000e+00
3.614512114226915429e+00 -9.732383245403144974e+04 0.000000000000000000e+00
3.646537226545486732e+00 -8.810042024996032706e+05 0.000000000000000000e+00
3.619091813160945303e+00 -7.486859486477499013e+04 0.000000000000000000e+00
3.619093309621671750e+00 -7.486859510833937384e+04 0.000000000000000000e+00
2.122529426157046206e+00 -1.981969791799398899e+09 0.000000000000000000e+00
3.627955791251586071e+00 -1.589511142734514433e+05 0.000000000000000000e+00
3.618781516276129206e+00 -7.497209703961692867e+04 0.000000000000000000e+00
3.206201247673580834e+00 -1.799660120838247836e+08 0.000000000000000000e+00
3.619319874226095468e+00 -7.492393646188816638e+04 0.000000000000000000e+00
3.619054101700690307e+00 -7.487017130161865498e+04 0.000000000000000000e+00
3.619091788883237459e+00 -7.486859490033960901e+04 0.000000000000000000e+00
3.619089146335536800e+00 -7.486860631431479123e+04 0.000000000000000000e+00
3.618803769320760200e+00 -7.495781369909155183e+04 0.000000000000000000e+00
3.621039007461939629e+00 -7.892401241481699981e+04 0.000000000000000000e+00
3.619089620310448119e+00 -7.486860316693640198e+04 0.000000000000000000e+00
3.619061115263739303e+00 -7.486964767301605025e+04 0.000000000000000000e+00
3.619368450946362170e+00 -7.495010739385535999e+04 0.000000000000000000e+00
3.619093616893269694e+00 -7.486859575156717619e+04 0.000000000000000000e+00
3.619090770436713456e+00 -7.486859752893476980e+04 0.000000000000000000e+00
3.619075826398554963e+00 -7.486889141970325727e+04 0.000000000000000000e+00
3.619048743495969944e+00 -7.487064229468640406e+04 0.000000000000000000e+00
3.619027259824407317e+00 -7.487314795480575413e+04 0.000000000000000000e+00
3.630727877726942943e+00 -2.197705518306611339e+05 0.000000000000000000e+00
3.618365695915807922e+00 -7.543396636794199003e+04 0.000000000000000000e+00
3.619697142541643764e+00 -7.525991750004733331e+04 0.000000000000000000e+00
3.619098978889804474e+00 -7.486863951257182634e+04 0.000000000000000000e+00
3.412856009182490880e+00 -4.543853631726720929e+07 0.000000000000000000e+00
2.891161779189995062e+00 -5.426184823075305223e+08 0.000000000000000000e+00
3.505721376673157419e+00 -1.381708101551854610e+07 0.000000000000000000e+00
3.619084621266894786e+00 -7.486866057446545165e+04 0.000000000000000000e+00
3.619090961457168465e+00 -7.486859686674227123e+04 0.000000000000000000e+00
4.002152058483224195e+00 -1.552180575146825016e+08 0.000000000000000000e+00
3.619268744218895328e+00 -7.490184647540930018e+04 0.000000000000000000e+00
3.619041542752358787e+00 -7.487137204312611721e+04 0.000000000000000000e+00
3.621322388885896082e+00 -8.019076820853583922e+04 0.000000000000000000e+00
3.619248162681962366e+00 -7.489453425145012443e+04 0.000000000000000000e+00
3.616324523345820108e+00 -8.306903256873099599e+04 0.000000000000000000e+00
3.618841445942783341e+00 -7.493604732561708079e+04 0.000000000000000000e+00
3.619085925860030528e+00 -7.486864043418454821e+04 0.000000000000000000e+00
3.619860751816077915e+00 -7.550033792108079069e+04 0.000000000000000000e+00
3.619144093575439758e+00 -7.487144510272983462e+04 0.000000000000000000e+00
4.602280181402219839e+00 -9.540108123452292681e+08 0.000000000000000000e+00
3.618892186792320498e+00 -7.491153544133403921e+04 0.000000000000000000e+00
3.619088659542712527e+00 -7.486861004739851342e+04 0.000000000000000000e+00
3.619096602084245884e+00 -7.486861252047047310e+04 0.000000000000000000e+00
3.619077243152772461e+00 -7.486884304501963197e+04 0.000000000000000000e+00
3.619097586440405578e+00 -7.486862223220997839e+04 0.000000000000000000e+00
3.619088394215575821e+00 -7.486861229571295553e+04 0.000000000000000000e+00
3.619128845917677584e+00 -7.487000945206629694e+04 0.000000000000000000e+00
3.619264361211837144e+00 -7.490021328588528559e+04 0.000000000000000000e+00
3.299425236718951826e+00 -1.085204699008736163e+08 0.000000000000000000e+00
3.616197527747183393e+00 -8.383877525676981895e+04 0.000000000000000000e+00
3.618979918548909769e+00 -7.488215682007512078e+04 0.000000000000000000e+00
3.615328719737646690e+00 -9.003077670919112279e+04 0.000000000000000000e+00
3.619144313224063048e+00 -7.487146942015911918e+04 0.000000000000000000e+00
3.619090286178299198e+00 -7.486859955767395149e+04 0.000000000000000000e+00
3.673696555575369338e+00 -3.265371966800858732e+06 0.000000000000000000e+00
3.619093398615400137e+00 -7.486859527384367539e+04 0.000000000000000000e+00
3.539300328135888574e+00 -6.885808757924605161e+06 0.000000000000000000e+00
3.566577860179131587e+00 -3.025927074765530881e+06 0.000000000000000000e+00
3.619114038467376560e+00 -7.486909158782515442e+04 0.000000000000000000e+00
3.619092148583767266e+00 -7.486859450254154217e+04 0.000000000000000000e+00
3.618299648392424572e+00 -7.554139261727043777e+04 0.000000000000000000e+00
3.615328719737646690e+00 -9.003077670919112279e+04 0.000000000000000000e+00
3.656843571251769731e+00 -1.600060192550169770e+06 0.000000000000000000e+00
3.619088961709764352e+00 -7.486860767044845852e+04 0.000000000000000000e+00
3.619094494387510519e+00 -7.486859870120789856e+04 0.000000000000000000e+00
3.668046630146797327e+00 -2.639407472967115697e+06 0.000000000000000000e+00
3.638883763730619059e+00 -4.940969063878269517e+05 0.000000000000000000e+00
3.619119112473833333e+00 -7.486935324757985654e+04 0.000000000000000000e+00
3.618604235404530023e+00 -7.512374786236762884e+04 0.000000000000000000e+00
3.615715964612318700e+00 -8.707128267695529212e+04 0.000000000000000000e+00
4.036936622537914410e+00 -1.842443795592645109e+08 0.000000000000000000e+00
3.619087688551811066e+00 -7.486861900871012767e+04 0.000000000000000000e+00
3.619062135689857129e+00 -7.486958026323837112e+04 0.000000000000000000e+00
3.619088947866584416e+00 -7.486860777507245075e+04 0.000000000000000000e+00
3.619111963388760955e+00 -7.486900045701635827e+04 0.000000000000000000e+00
3.619118437943032340e+00 -7.486931528663712379e+04 0.000000000000000000e+00
3.619365262977588760e+00 -7.494823498667881358e+04 0.000000000000000000e+00
3.619032279648373152e+00 -7.487247403022012440e+04 0.000000000000000000e+00
3.619104883235401360e+00 -7.486875889851927059e+04 0.000000000000000000e+00
3.619095169436716386e+00 -7.486860209209231834e+04 0.000000000000000000e+00
3.777848643731735567e+00 -2.699430174658835679e+07 0.000000000000000000e+00
3.619103740894117127e+00 -7.486872997795425181e+04 0.000000000000000000e+00
3.617860084186634850e+00 -7.649422262254561065e+04 0.000000000000000000e+00
3.616098386727900404e+00 -8.446368247243591759e+04 0.000000000000000000e+00
3.617534133365217119e+00 -7.746784477890009293e+04 0.000000000000000000e+00
3.619013343062653654e+00 -7.487529838674984057e+04 0.000000000000000000e+00
3.619093456479455462e+00 -7.486859539055006462e+04 0.000000000000000000e+00
3.619090206061031711e+00 -7.486859994171123253e+04 0.000000000000000000e+00
3.619078777133127645e+00 -7.486879551238319254e+04 0.000000000000000000e+00
3.619107017463567999e+00 -7.486882041535932512e+04 0.000000000000000000e+00
3.619148756112926524e+00 -7.487198346699353715e+04 0.000000000000000000e+00
3.619477425808680593e+00 -7.502719474571611499e+04 0.000000000000000000e+00
3.619195339375615994e+00 -7.487991733159427531e+04 0.000000000000000000e+00
3.618859003381532879e+00 -7.492694208977482049e+04 0.000000000000000000e+00
3.619214431313659386e+00 -7.488451103928488737e+04 0.000000000000000000e+00
3.619283747916152372e+00 -7.490774845944528352e+04 0.000000000000000000e+00
3.619088598036877436e+00 -7.486861055516503984e+04 0.000000000000000000e+00
3.618904153433670778e+00 -7.490655776988033904e+04 0.000000000000000000e+00
3.621571074139892321e+00 -8.144404957572167041e+04 0.000000000000000000e+00
3.619101143966545031e+00 -7.486867462528284523e+04 0.000000000000000000e+00
3.615720626374452795e+00 -8.703761091180567746e+04 0.000000000000000000e+00
3.624962441271470936e+00 -1.117481362608700874e+05 0.000000000000000000e+00
3.612280699148967766e+00 -1.245321059773871675e+05 0.000000000000000000e+00
3.619090547087389531e+00 -7.486859840225722292e+04 0.000000000000000000e+00
5.132690050837049434e+00 -2.018355676117038727e+09 0.000000000000000000e+00
3.137370910822115277e+00 -2.436845839133147597e+08 0.000000000000000000e+00
3.211757296921873284e+00 -1.752238851496535540e+08 0.000000000000000000e+00
3.376210205385328678e+00 -6.290568641647691280e+07 0.000000000000000000e+00
3.619189273952081898e+00 -7.487862125263664348e+04 0.000000000000000000e+00
3.619037454574588697e+00 -7.487183575015596580e+04 0.000000000000000000e+00
3.619141419614462230e+00 -7.487115734849992441e+04 0.000000000000000000e+00
3.619104224322291508e+00 -7.486874187592812814e+04 0.000000000000000000e+00
3.619091808034408331e+00 -7.486859487217826245e+04 0.000000000000000000e+00
3.619084107245526649e+00 -7.486866951046726899e+04 0.000000000000000000e+00
3.619089218610045400e+00 -7.486860580330976518e+04 0.000000000000000000e+00
3.619106968105324285e+00 -7.486881888251719647e+04 0.000000000000000000e+00
3.619091984384710248e+00 -7.486859464977146126e+04 0.000000000000000000e+00
3.619584168523049428e+00 -7.512734878744943126e+04 0.000000000000000000e+00
7.603816009700281597e-02 -4.111186923000361919e+09 0.000000000000000000e+00
3.539300328135888574e+00 -6.885808757924605161e+06 0.000000000000000000e+00
3.622049920499660569e+00 -8.423013287106878124e+04 0.000000000000000000e+00
3.618414821021972205e+00 -7.536012019337678794e+04 0.000000000000000000e+00
3.619155925503486415e+00 -7.487290208091447130e+04 0.000000000000000000e+00
3.619126999587894744e+00 -7.486986939076820272e+04 0.000000000000000000e+00
3.863178112628181449e+00 -6.352671090330718458e+07 0.000000000000000000e+00
3.401378227171067081e+00 -5.060782493985389173e+07 0.000000000000000000e+00
3.882010765534761543e+00 -7.363719482702969015e+07 0.000000000000000000e+00
3.597622526322449499e+00 -5.682273437606702792e+05 0.000000000000000000e+00
3.615664457136761545e+00 -8.744641618341834692e+04 0.000000000000000000e+00
3.619045219988263007e+00 -7.487098551123263314e+04 0.000000000000000000e+00
3.619097339958751824e+00 -7.486861960573840770e+04 0.000000000000000000e+00
3.619092696890858996e+00 -7.486859442904050229e+04 0.000000000000000000e+00
3.592842129938252693e+00 -8.123694402182598133e+05 0.000000000000000000e+00
3.604712574394863811e+00 -2.961892744129862403e+05 0.000000000000000000e+00
3.619085276947757279e+00 -7.486864999667559459e+04 0.000000000000000000e+00
3.619098978889804474e+00 -7.486863951257182634e+04 0.000000000000000000e+00
3.455993732149017283e+00 -2.848383444673943147e+07 0.000000000000000000e+00
3.614306711654123649e+00 -9.938295524640075746e+04 0.000000000000000000e+00
3.618043805316522032e+00 -7.604566644088922476e+04 0.000000000000000000e+00
3.619085800652397378e+00 -7.486864220908452990e+04 0.000000000000000000e+00
3.619160275328709098e+00 -7.487351305446034530e+04 0.000000000000000000e+00
3.619146789092041683e+00 -7.487175066805444658e+04 0.000000000000000000e+00
3.619143012819388883e+00 -7.487132695585567853e+04 0.000000000000000000e+00
3.619220277320107648e+00 -7.488607368620886700e+04 0.000000000000000000e+00
3.619091640242707353e+00 -7.486859514559802483e+04 0.000000000000000000e+00
3.619061537688075259e+00 -7.486961949711163470e+04 0.000000000000000000e+00
3.619092868394842455e+00 -7.486859453818341717e+04 0.000000000000000000e+00
3.634647006326215735e+00 -3.338219903521077940e+05 0.000000000000000000e+00
3.619082026020385090e+00 -7.486871147266795742e+04 0.000000000000000000e+00
3.618773071412685116e+00 -7.497779493172022921e+04 0.000000000000000000e+00
3.619086617571240616e+00 -7.486863123354292475e+04 0.000000000000000000e+00
3.619119134759168688e+00 -7.486935451836416905e+04 0.000000000000000000e+00
3.632147079952461333e+00 -2.572739967620148382e+05 0.000000000000000000e+00
3.618606234949174105e+00 -7.512166226639949309e+04 0.000000000000000000e+00
3.619082349863830039e+00 -7.486870433411054546e+04 0.000000000000000000e+00
3.599866913572298710e+00 -4.704740193234045291e+05 0.000000000000000000e+00
3.619590008236145628e+00 -7.513353173182955652e+04 0.000000000000000000e+00
3.619090978628844102e+00 -7.486859681104157062e+04 0.000000000000000000e+00
3.619127825795952269e+00 -7.486993116423118045e+04 0.000000000000000000e+00
3.618633431699501468e+00 -7.509414497960085282e+04 0.000000000000000000e+00
3.619084079336567950e+00 -7.486867001183796674e+04 0.000000000000000000e+00
3.618714947509253932e+00 -7.502115346570344991e+04 0.000000000000000000e+00
3.617869241412284165e+00 -7.647015426267003932e+04 0.000000000000000000e+00
3.619095005100436246e+00 -7.486860117677245580e+04 0.000000000000000000e+00
3.619098514190631555e+00 -7.486863328418810852e+04 0.000000000000000000e+00
3.619098626572342603e+00 -7.486863474806712475e+04 0.000000000000000000e+00
3.619081687442123219e+00 -7.486871917608359945e+04 0.000000000000000000e+00
3.619094531057255537e+00 -7.486859886035005911e+04 0.000000000000000000e+00
3.619092080963598690e+00 -7.486859455618320499e+04 0.000000000000000000e+00
4.806823334100469580e+00 -1.340628072472405434e+09 0.000000000000000000e+00
3.236757053565501252e+00 -1.546391984229901135e+08 0.000000000000000000e+00
3.619038918232055480e+00 -7.487166562129298109e+04 0.000000000000000000e+00
3.620249208684217290e+00 -7.630070321731547301e+04 0.000000000000000000e+00
3.619372868991059811e+00 -7.495273823527123022e+04 0.000000000000000000e+00
3.621830967590035311e+00 -8.289528768618978211e+04 0.000000000000000000e+00
3.619051860499563400e+00 -7.487036082893822459e+04 0.000000000000000000e+00
3.619721517404466571e+00 -7.529210335218577529e+04 0.000000000000000000e+00
3.619130834090833027e+00 -7.487016843331938435e+04 0.000000000000000000e+00
3.581203594037771776e+00 -1.611214208379592281e+06 0.000000000000000000e+00
3.619094336060163286e+00 -7.486859804712841287e+04 0.000000000000000000e+00
3.619090146872204095e+00 -7.486860023425599502e+04 0.000000000000000000e+00
3.570558670031831916e+00 -2.595565922392042354e+06 0.000000000000000000e+00
3.619086065243998895e+00 -7.486863849780116288e+04 0.000000000000000000e+00
3.618714947509253932e+00 -7.502115346570344991e+04 0.000000000000000000e+00
3.618928547149723229e+00 -7.489736024713766528e+04 0.000000000000000000e+00
3.619085640583493468e+00 -7.486864452704033465e+04 0.000000000000000000e+00
3.619184818728096165e+00 -7.487771941449715814e+04 0.000000000000000000e+00
3.619080475000764796e+00 -7.486874877461802680e+04 0.000000000000000000e+00
3.619082417194034562e+00 -7.486870287812533206e+04 0.000000000000000000e+00
3.619104389839478575e+00 -7.486874606454724562e+04 0.000000000000000000e+00
3.619166386198558794e+00 -7.487443980277859373e+04 0.000000000000000000e+00
3.616932347212339582e+00 -7.986295582287735306e+04 0.000000000000000000e+00
2.939553898959948341e+00 -4.755944813341877460e+08 0.000000000000000000e+00
3.721653590107293130e+00 -1.132355333911949582e+07 0.000000000000000000e+00
3.618705713353840725e+00 -7.502870758280385053e+04 0.000000000000000000e+00
3.619090874127994351e+00 -7.486859715978737222e+04 0.000000000000000000e+00
3.618952180393017581e+00 -7.488966431460437889e+04 0.000000000000000000e+00
3.619146797096271850e+00 -7.487175159857908147e+04 0.000000000000000000e+00
3.618929493434440037e+00 -7.489702912069801823e+04 0.000000000000000000e+00
3.618788405718429413e+00 -7.496756169109881739e+04 0.000000000000000000e+00
3.619152288375392601e+00 -7.487242230491587543e+04 0.000000000000000000e+00
3.619166386198558794e+00 -7.487443980277859373e+04 0.000000000000000000e+00
3.614910958709787181e+00 -9.358343748103821417e+04 0.000000000000000000e+00
3.619013343062653654e+00 -7.487529838674984057e+04 0.000000000000000000e+00
3.618876598016593782e+00 -7.491847954924890655e+04 0.000000000000000000e+00
3.619123172680507761e+00 -7.486960232207975059e+04 0.000000000000000000e+00
3.619115369015699191e+00 -7.486915487128196401e+04 0.000000000000000000e+00
3.845529508346828607e+00 -5.472050738563276827e+07 0.000000000000000000e+00
3.616932347212339582e+00 -7.986295582287735306e+04 0.000000000000000000e+00
3.410521809508600288e+00 -4.646745992208476365e+07 0.000000000000000000e+00
3.515564943198544956e+00 -1.153635549876588583e+07 0.000000000000000000e+00
3.619025849712712795e+00 -7.487334697060448525e+04 0.000000000000000000e+00
3.609222577190867920e+00 -1.791338911762327189e+05 0.000000000000000000e+00
3.616198279157924134e+00 -8.383411929166776827e+04 0.000000000000000000e+00
3.619122543933993796e+00 -7.486956144219686394e+04 0.000000000000000000e+00
3.619059973584636936e+00 -7.486972573484769964e+04 0.000000000000000000e+00
3.619037941799982061e+00 -7.487177860809979029e+04 0.000000000000000000e+00
3.618859003381532879e+00 -7.492694208977482049e+04 0.000000000000000000e+00
3.619092800653162190e+00 -7.486859448755036283e+04 0.000000000000000000e+00
3.619165040741939787e+00 -7.487422889401912107e+04 0.000000000000000000e+00
3.619055449274808822e+00 -7.487006252018392843e+04 0.000000000000000000e+00
3.619231977141943446e+00 -7.488942078770694206e+04 0.000000000000000000e+00
3.627680675710956759e+00 -1.538123420886847889e+05 0.000000000000000000e+00
3.619146898106781585e+00 -7.487176335326547269e+04 0.000000000000000000e+00
3.618706349520350862e+00 -7.502818130434956402e+04 0.000000000000000000e+00
3.618985465216640662e+00 -7.488085318582426407e+04 0.000000000000000000e+00
3.619078688980429614e+00 -7.486879810750795878e+04 0.000000000000000000e+00
3.603283567543485333e+00 -3.423615343658187194e+05 0.000000000000000000e+00
3.592842129938252693e+00 -8.123694402182598133e+05 0.000000000000000000e+00
3.619077195689559545e+00 -7.486884459607566532e+04 0.000000000000000000e+00
3.619103683979854047e+00 -7.486872861011498026e+04 0.000000000000000000e+00
3.659122713827972273e+00 -1.789754492339095334e+06 0.000000000000000000e+00
3.619363055278625563e+00 -7.494695107650928549e+04 0.000000000000000000e+00
3.611762850375809020e+00 -1.323701819973775127e+05 0.000000000000000000e+00
3.619089843809754292e+00 -7.486860184966129600e+04 0.000000000000000000e+00
3.622282858194493027e+00 -8.576290102399929310e+04 0.000000000000000000e+00
3.618859003381532879e+00 -7.492694208977482049e+04 0.000000000000000000e+00
3.619079367950621240e+00 -7.486877854869082512e+04 0.000000000000000000e+00
3.627106019054123998e+00 -1.436012139781860751e+05 0.000000000000000000e+00
3.619053265452567114e+00 -7.487024076147816959e+04 0.000000000000000000e+00
3.619070386034762166e+00 -7.486911710826694616e+04 0.000000000000000000e+00
3.577850232410936471e+00 -1.895157362615142018e+06 0.000000000000000000e+00
3.619145415577898817e+00 -7.487159302220388781e+04 0.000000000000000000e+00
3.608791944403315632e+00 -1.884306674896229524e+05 0.000000000000000000e+00
3.619020889569421140e+00 -7.487408083889068803e+04 0.000000000000000000e+00
3.619115946938198825e+00 -7.486918353891422157e+04 0.000000000000000000e+00
3.619095978409352821e+00 -7.486860744066213374e+04 0.000000000000000000e+00
3.617541213270453859e+00 -7.744428060353281035e+04 0.000000000000000000e+00
3.619094874922176963e+00 -7.486860049274195626e+04 0.000000000000000000e+00
3.487683055239364727e+00 -1.853118784573240578e+07 0.000000000000000000e+00
3.620960157012683922e+00 -7.860211036253582279e+04 0.000000000000000000e+00
3.619102909086415742e+00 -7.486871067674295045e+04 0.000000000000000000e+00
3.403872479251200289e+00 -4.946103924912452698e+07 0.000000000000000000e+00
3.619092825999786989e+00 -7.486859450534541975e+04 0.000000000000000000e+00
3.619302121522303128e+00 -7.491563245113547600e+04 0.000000000000000000e+00
3.619089736153829673e+00 -7.486860247082196292e+04 0.000000000000000000e+00
3.619479474835312960e+00 -7.502888768957697903e+04 0.000000000000000000e+00
3.619441687630605475e+00 -7.499911261976149399e+04 0.000000000000000000e+00
3.618881135720549480e+00 -7.491640453025528404e+04 0.000000000000000000e+00
3.619098311282766822e+00 -7.486863070959546894e+04 0.000000000000000000e+00
3.971892791358798469e+00 -1.319204747303911448e+08 0.000000000000000000e+00
3.618985465216640662e+00 -7.488085318582426407e+04 0.000000000000000000e+00
3.631903985661924406e+00 -2.505440658945361210e+05 0.000000000000000000e+00
3.619128845917677584e+00 -7.487000945206629694e+04 0.000000000000000000e+00
3.619126714627208141e+00 -7.486984842389551341e+04 0.000000000000000000e+00
3.619389008273265151e+00 -7.496270391127980838e+04 0.000000000000000000e+00
3.619099185374039962e+00 -7.486864242842380190e+04 0.000000000000000000e+00
3.628955928985696744e+00 -1.789973547663019272e+05 0.000000000000000000e+00
3.586168429532567092e+00 -1.234992866110731848e+06 0.000000000000000000e+00
3.594706498441818443e+00 -7.113361006053413730e+05 0.000000000000000000e+00
3.619418009265934266e+00 -7.498201261055724171e+04 0.000000000000000000e+00
3.618958173738997086e+00 -7.488790269070444629e+04 0.000000000000000000e+00
3.618979815874554085e+00 -7.488218157248364878e+04 0.000000000000000000e+00
3.619071182969059386e+00 -7.486908008741031517e+04 0.000000000000000000e+00
3.619028444022621027e+00 -7.487298411149511230e+04 0.000000000000000000e+00
3.619296167613496262e+00 -7.491299852239410393e+04 0.000000000000000000e+00
3.619515629047545424e+00 -7.506023731740913354e+04 0.000000000000000000e+00
3.619750238395527564e+00 -7.533166027460590703e+04 0.000000000000000000e+00
3.619063424719852318e+00 -7.486949829569857684e+04 0.000000000000000000e+00
3.619098156140899025e+00 -7.486862880053510889e+04 0.000000000000000000e+00
3.619099952077709403e+00 -7.486865405399887823e+04 0.000000000000000000e+00
3.619098052723339620e+00 -7.486862755657540401e+04 0.000000000000000000e+00
3.512882693866816730e+00 -1.213738464169737697e+07 0.000000000000000000e+00
3.615715964612318700e+00 -8.707128267695529212e+04 0.000000000000000000e+00
3.619092948076938487e+00 -7.486859461031452520e+04 0.000000000000000000e+00
3.619106841639397221e+00 -7.486881497886386933e+04 0.000000000000000000e+00
3.619094013352161188e+00 -7.486859688011353137e+04 0.000000000000000000e+00
3.619406040778162748e+00 -7.497382586809385975e+04 0.000000000000000000e+00
3.618834991806660906e+00 -7.493956029458771809e+04 0.000000000000000000e+00
3.619045188461896601e+00 -7.487098870209987217e+04 0.000000000000000000e+00
3.619071680508902933e+00 -7.486905766399661661e+04 0.000000000000000000e+00
3.619084658329080106e+00 -7.486865995201960322e+04 0.000000000000000000e+00
3.619105697946382705e+00 -7.486878123106012936e+04 0.000000000000000000e+00
3.619098370379838503e+00 -7.486863145034981426e+04 0.000000000000000000e+00
3.722397302269367270e+00 -1.148713674398069456e+07 0.000000000000000000e+00
3.619033744981284606e+00 -7.487228747665943229e+04 0.000000000000000000e+00
3.619092675156694305e+00 -7.486859441970493936e+04 0.000000000000000000e+00
3.622763762911003660e+00 -8.929476405057215015e+04 0.000000000000000000e+00
3.623320739067735552e+00 -9.400403715423887479e+04 0.000000000000000000e+00
3.615940871571497350e+00 -8.549980468536406988e+04 0.000000000000000000e+00
3.616820095556174675e+00 -8.039550653497701569e+04 0.000000000000000000e+00
3.615415504227925680e+00 -8.933962287119013490e+04 0.000000000000000000e+00
3.619164659281875807e+00 -7.487416980284074089e+04 0.000000000000000000e+00
3.601754183996522585e+00 -3.966191462332200026e+05 0.000000000000000000e+00
3.618775756003905553e+00 -7.497596704111489817e+04 0.000000000000000000e+00
3.619087041399695615e+00 -7.486862610213243170e+04 0.000000000000000000e+00
3.619092911958754488e+00 -7.486859457593499974e+04 0.000000000000000000e+00
3.623476838734188021e+00 -9.544300918551345239e+04 0.000000000000000000e+00
3.619198163865144480e+00 -7.488054775286058430e+04 0.000000000000000000e+00
3.619093827400290397e+00 -7.486859630889240361e+04 0.000000000000000000e+00
3.618781120086013381e+00 -7.497236094271583715e+04 0.000000000000000000e+00
3.614630387574575110e+00 -9.617913815558845818e+04 0.000000000000000000e+00
3.619169266180774169e+00 -7.487490428307667025e+04 0.000000000000000000e+00
3.619044235895671147e+00 -7.487108611722865317e+04 0.000000000000000000e+00
3.619094876810830641e+00 -7.486860050240559212e+04 0.000000000000000000e+00
3.619094451224634579e+00 -7.486859851757285651e+04 0.000000000000000000e+00
3.624040063776170051e+00 -1.010686113487071416e+05 0.000000000000000000e+00
3.618033744062932211e+00 -7.606836093328200513e+04 0.000000000000000000e+00
3.618875365237811170e+00 -7.491905089317355305e+04 0.000000000000000000e+00
3.619083098179382230e+00 -7.486868869755345804e+04 0.000000000000000000e+00
3.619200366772563626e+00 -7.488105129182589008e+04 0.000000000000000000e+00
3.619090020414819087e+00 -7.486860088440409163e+04 0.000000000000000000e+00
3.619070103380089609e+00 -7.486913056534272619e+04 0.000000000000000000e+00
3.619095604603226324e+00 -7.486860479511338053e+04 0.000000000000000000e+00
3.611991503788607449e+00 -1.288385463556867617e+05 0.000000000000000000e+00
3.724568379102226601e+00 -1.197141336333310977e+07 0.000000000000000000e+00
3.618716999121851963e+00 -7.501949990059691481e+04 0.000000000000000000e+00
3.619302121522303128e+00 -7.491563245113547600e+04 0.000000000000000000e+00
3.619075831899228657e+00 -7.486889122357548331e+04 0.000000000000000000e+00
3.619096469572309349e+00 -7.486861137150276045e+04 0.000000000000000000e+00
3.619081986414938612e+00 -7.486871236110705649e+04 0.000000000000000000e+00
3.619087285864075465e+00 -7.486862331719709618e+04 0.000000000000000000e+00
3.619129738576405853e+00 -7.487007978547194216e+04 0.000000000000000000e+00
3.619099658000212383e+00 -7.486864944612090767e+04 0.000000000000000000e+00
3.619101773788588883e+00 -7.486868672367857653e+04 0.000000000000000000e+00
3.619095626287593070e+00 -7.486860494040856429e+04 0.000000000000000000e+00
3.619090535556879651e+00 -7.486859845024161041e+04 0.000000000000000000e+00
3.619093563027396154e+00 -7.486859562419643044e+04 0.000000000000000000e+00
3.619213510752798513e+00 -7.488427163900292362e+04 0.000000000000000000e+00
4.033382197382322509e+00 -1.811691604257527888e+08 0.000000000000000000e+00
3.620203291816355140e+00 -7.618926292343717068e+04 0.000000000000000000e+00
3.618978772150114764e+00 -7.488243447092597489e+04 0.000000000000000000e+00
3.616638983509910865e+00 -8.131161686165964056e+04 0.000000000000000000e+00
3.619082026020385090e+00 -7.486871147266795742e+04 0.000000000000000000e+00
3.618676728466259984e+00 -7.505360471772361780e+04 0.000000000000000000e+00
3.619308371742559594e+00 -7.491847910710169526e+04 0.000000000000000000e+00
3.618814210985670687e+00 -7.495147700787670328e+04 0.000000000000000000e+00
3.619067219792812207e+00 -7.486927762403475936e+04 0.000000000000000000e+00
3.619087894847213605e+00 -7.486861693595343968e+04 0.000000000000000000e+00
3.616463841810330759e+00 -8.226431049555150094e+04 0.000000000000000000e+00
3.619085573766113395e+00 -7.486864551084904815e+04 0.000000000000000000e+00
3.387162412088847940e+00 -5.739188311642463505e+07 0.000000000000000000e+00
3.624310465797622172e+00 -1.040107044219205854e+05 0.000000000000000000e+00
3.621422191012109160e+00 -8.067783006810810184e+04 0.000000000000000000e+00
3.619093200568961777e+00 -7.486859492864867207e+04 0.000000000000000000e+00
3.619302121522303128e+00 -7.491563245113547600e+04 0.000000000000000000e+00
3.619080263237669293e+00 -7.486875426705708378e+04 0.000000000000000000e+00
3.619047837935305711e+00 -7.487072796576877590e+04 0.000000000000000000e+00
3.619139490249600577e+00 -7.487095922896056436e+04 0.000000000000000000e+00
3.619018528941338353e+00 -7.487444859800447011e+04 0.000000000000000000e+00
3.619090617922146258e+00 -7.486859811372151307e+04 0.000000000000000000e+00
3.619102005688292767e+00 -7.486869139217921474e+04 0.000000000000000000e+00
3.609005492465405140e+00 -1.837708394211807463e+05 0.000000000000000000e+00
3.619092454051962005e+00 -7.486859438219721778e+04 0.000000000000000000e+00
3.619192273409026051e+00 -7.487925234312670364e+04 0.000000000000000000e+00
3.592218786288754462e+00 -8.478087097281522583e+05 0.000000000000000000e+00
3.618189210054364224e+00 -7.574188205209004809e+04 0.000000000000000000e+00
3.619088794282265376e+00 -7.486860896334526478e+04 0.000000000000000000e+00
3.619090846206042933e+00 -7.486859725692690699e+04 0.000000000000000000e+00
3.619125293908581842e+00 -7.486974648379787686e+04 0.000000000000000000e+00
3.669839367405417718e+00 -2.830636322701842524e+06 0.000000000000000000e+00
3.619101337291242615e+00 -7.486867824858023960e+04 0.000000000000000000e+00
3.619264131480889102e+00 -7.490012881810014369e+04 0.000000000000000000e+00
2.994257862457670782e+00 -4.045308764658225775e+08 0.000000000000000000e+00
3.035336960085499580e+00 -3.545705794376069903e+08 0.000000000000000000e+00
3.619498003354728599e+00 -7.504460438213990710e+04 0.000000000000000000e+00
3.577665980468079265e+00 -1.911455834905543830e+06 0.000000000000000000e+00
4.605732871964040243e+00 -9.601691938283222914e+08 0.000000000000000000e+00
3.619400370084284724e+00 -7.497005403394441237e+04 0.000000000000000000e+00
3.619113670902046831e+00 -7.486907477377084433e+04 0.000000000000000000e+00
3.619100587849185757e+00 -7.486866464860195993e+04 0.000000000000000000e+00
3.613486905992812304e+00 -1.085009247178507067e+05 0.000000000000000000e+00
3.619151537462790280e+00 -7.487232677830313332e+04 0.000000000000000000e+00
3.619093611112570663e+00 -7.486859573759982595e+04 0.000000000000000000e+00
3.619117238401192704e+00 -7.486925018548799562e+04 0.000000000000000000e+00
3.822503465113691323e+00 -4.420832118515347689e+07 0.000000000000000000e+00
3.619369742246351329e+00 -7.495087201102197287e+04 0.000000000000000000e+00
3.656843571251769731e+00 -1.600060192550169770e+06 0.000000000000000000e+00
3.619144313224063048e+00 -7.487146942015911918e+04 0.000000000000000000e+00
3.619097768961318184e+00 -7.486862426093404065e+04 0.000000000000000000e+00
3.619040720475282136e+00 -7.487146243666240480e+04 0.000000000000000000e+00
3.631795280556619598e+00 -2.475755537655892840e+05 0.000000000000000000e+00
3.618868734603631232e+00 -7.492217973464132228e+04 0.000000000000000000e+00
3.619085290092931118e+00 -7.486864979402162135e+04 0.000000000000000000e+00
3.618248405313910787e+00 -7.563117247472067538e+04 0.000000000000000000e+00
3.619094417301182087e+00 -7.486859837604640052e+04 0.000000000000000000e+00
3.618959848550679759e+00 -7.488742415931497817e+04 0.000000000000000000e+00
4.450154820404249811e+00 -6.977332830568908453e+08 0.000000000000000000e+00
3.619091511245573045e+00 -7.486859539677650901e+04 0.000000000000000000e+00
3.615869284535358830e+00 -8.598825263561255997e+04 0.000000000000000000e+00
3.619707996467300237e+00 -7.527409251862039673e+04 0.000000000000000000e+00
3.418278173716016610e+00 -4.309249623571744561e+07 0.000000000000000000e+00
3.619094034010643224e+00 -7.486859694814395334e+04 0.000000000000000000e+00
3.619090049959765132e+00 -7.486860072944144486e+04 0.000000000000000000e+00
3.619023665078974439e+00 -7.487366370390431257e+04 0.000000000000000000e+00
3.619089792010348194e+00 -7.486860214544039627e+04 0.000000000000000000e+00
3.619240294362915833e+00 -7.489197838487784611e+04 0.000000000000000000e+00
3.619088409430194719e+00 -7.486861216271414014e+04 0.000000000000000000e+00
3.616548543867351473e+00 -8.179536950325351791e+04 0.000000000000000000e+00
3.475065731807689851e+00 -2.223909404902203009e+07 0.000000000000000000e+00
3.619090303591633528e+00 -7.486859947602219472e+04 0.000000000000000000e+00
2.995313210318415020e+00 -4.032103312223887444e+08 0.000000000000000000e+00
3.667539869884652859e+00 -2.586597770413753111e+06 0.000000000000000000e+00
3.619389008273265151e+00 -7.496270391127980838e+04 0.000000000000000000e+00
3.621746308054298424e+00 -8.240667258530002437e+04 0.000000000000000000e+00
3.618774442547654679e+00 -7.497685942262623576e+04 0.000000000000000000e+00
3.619104572401939279e+00 -7.486875075253519753e+04 0.000000000000000000e+00
3.618979918548909769e+00 -7.488215682007512078e+04 0.000000000000000000e+00
3.619440704318665158e+00 -7.499837860709472443e+04 0.000000000000000000e+00
3.625855314631670545e+00 -1.238208015523955983e+05 0.000000000000000000e+00
3.620091228271089534e+00 -7.593623348207541858e+04 0.000000000000000000e+00
3.619096572008988932e+00 -7.486861225639964687e+04 0.000000000000000000e+00
3.615715964612318700e+00 -8.707128267695529212e+04 0.000000000000000000e+00
3.614735414619427711e+00 -9.518774831213944708e+04 0.000000000000000000e+00
3.621002858851708694e+00 -7.877478579401352908e+04 0.000000000000000000e+00
3.619090452581472661e+00 -7.486859880393790081e+04 0.000000000000000000e+00
3.630997311226761504e+00 -2.265589785469691851e+05 0.000000000000000000e+00
3.619089746709930999e+00 -7.486860240881759091e+04 0.000000000000000000e+00
3.665080670582210765e+00 -2.338121500969325192e+06 0.000000000000000000e+00
3.619083070352604459e+00 -7.486868925755395321e+04 0.000000000000000000e+00
3.619019919958708975e+00 -7.487423044965532608e+04 0.000000000000000000e+00
3.619512660824776518e+00 -7.505755811496480601e+04 0.000000000000000000e+00
3.619091533232769109e+00 -7.486859535144513939e+04 0.000000000000000000e+00
3.642661187965384517e+00 -6.693911484309675870e+05 0.000000000000000000e+00
3.619839991506603294e+00 -7.546665692541230237e+04 0.000000000000000000e+00
3.619093389393826410e+00 -7.486859525590637350e+04 0.000000000000000000e+00
3.619149697687506162e+00 -7.487209783457580488e+04 0.000000000000000000e+00
3.619116356052492378e+00 -7.486920426508685341e+04 0.000000000000000000e+00
3.619612947628230604e+00 -7.515852599932432349e+04 0.000000000000000000e+00
3.619103755653485077e+00 -7.486873033380271227e+04 0.000000000000000000e+00
3.618216237861576534e+00 -7.569040289852335991e+04 0.000000000000000000e+00
3.619129725850101842e+00 -7.487007877076935256e+04 0.000000000000000000e+00
3.619141419614462230e+00 -7.487115734849992441e+04 0.000000000000000000e+00
3.618979918548909769e+00 -7.488215682007512078e+04 0.000000000000000000e+00
3.619119992380102069e+00 -7.486940423050144454e+04 0.000000000000000000e+00
3.648826498888604775e+00 -1.021088669339365326e+06 0.000000000000000000e+00
3.619093647136472747e+00 -7.486859582580118149e+04 0.000000000000000000e+00
3.599203442115999962e+00 -4.982488036693709437e+05 0.000000000000000000e+00
3.617551671848277639e+00 -7.740966745923727285e+04 0.000000000000000000e+00
3.619134843912807487e+00 -7.487051481501053786e+04 0.000000000000000000e+00
3.619085431847678169e+00 -7.486864763213839615e+04 0.000000000000000000e+00
3.611040362954143212e+00 -1.442647600999074639e+05 0.000000000000000000e+00
3.620886157091887103e+00 -7.831211666455604427e+04 0.000000000000000000e+00
3.619090738884671143e+00 -7.486859764583047945e+04 0.000000000000000000e+00
2.960625368733736273e+00 -4.476195838686571121e+08 0.000000000000000000e+00
3.619010246269563247e+00 -7.487583329920360120e+04 0.000000000000000000e+00
3.197576261103231232e+00 -1.874473560534872413e+08 0.000000000000000000e+00
3.619058905841586959e+00 -7.486980126634151384e+04 0.000000000000000000e+00
3.621222967028633111e+00 -7.972676234364078846e+04 0.000000000000000000e+00
3.619085290092931118e+00 -7.486864979402162135e+04 0.000000000000000000e+00
3.619090515209670844e+00 -7.486859853560982447e+04 0.000000000000000000e+00
3.618644195322356705e+00 -7.508369182513136184e+04 0.000000000000000000e+00
3.618904493400026290e+00 -7.490642083477413689e+04 0.000000000000000000e+00
3.619018588721435226e+00 -7.487443913772373344e+04 0.000000000000000000e+00
3.624443501688654923e+00 -1.055156391075359134e+05 0.000000000000000000e+00
3.619179804028834990e+00 -7.487675515453744447e+04 0.000000000000000000e+00
3.619102153567722358e+00 -7.486869442933305982e+04 0.000000000000000000e+00
3.619094707071136341e+00 -7.486859966429881752e+04 0.000000000000000000e+00
2.950476052068647714e+00 -4.610009348927402496e+08 0.000000000000000000e+00
3.615653637284099720e+00 -8.752593992456166598e+04 0.000000000000000000e+00
3.619108147425738053e+00 -7.486885693311868818e+04 0.000000000000000000e+00
3.449935395110562464e+00 -3.062841811113328487e+07 0.000000000000000000e+00
3.619082507396356174e+00 -7.486870094275032170e+04 0.000000000000000000e+00
3.615715964612318700e+00 -8.707128267695529212e+04 0.000000000000000000e+00
3.619095387329172464e+00 -7.486860339485129225e+04 0.000000000000000000e+00
3.622144794568069592e+00 -8.484039996678841999e+04 0.000000000000000000e+00
3.618690715772015398e+00 -7.504136551948089618e+04 0.000000000000000000e+00
3.618974667743926066e+00 -7.488345160038309405e+04 0.000000000000000000e+00
3.612072941300119133e+00 -1.276077425363936636e+05 0.000000000000000000e+00
3.675970169671451071e+00 -3.536523847888426855e+06 0.000000000000000000e+00
3.619095175421293220e+00 -7.486860212651574693e+04 0.000000000000000000e+00
3.619200366772563626e+00 -7.488105129182589008e+04 0.000000000000000000e+00
3.619104623071543347e+00 -7.486875206631887704e+04 0.000000000000000000e+00
3.475370075535016756e+00 -2.214568344827352464e+07 0.000000000000000000e+00
3.619137860915786487e+00 -7.487079812462527480e+04 0.000000000000000000e+00
3.619124890702952069e+00 -7.486971833992957545e+04 0.000000000000000000e+00
3.619093865951460209e+00 -7.486859642123518279e+04 0.000000000000000000e+00
3.619680339147857140e+00 -7.523847001127022668e+04 0.000000000000000000e+00
3.618902820335072601e+00 -7.490709711611080274e+04 0.000000000000000000e+00
3.630151767859393530e+00 -2.057767074941030005e+05 0.000000000000000000e+00
3.619078394579958058e+00 -7.486880689489471843e+04 0.000000000000000000e+00
3.619106137101392839e+00 -7.486879385837427981e+04 0.000000000000000000e+00
3.644264375100989550e+00 -7.530186403035555268e+05 0.000000000000000000e+00
3.519033561069708771e+00 -1.078183341746287979e+07 0.000000000000000000e+00
3.677546116392979236e+00 -3.730954662160335109e+06 0.000000000000000000e+00
3.619022405802016173e+00 -7.487385091865778668e+04 0.000000000000000000e+00
3.618997975735465555e+00 -7.487815462878934341e+04 0.000000000000000000e+00
3.619103755653485077e+00 -7.486873033380271227e+04 0.000000000000000000e+00
3.618762210783697419e+00 -7.498534719720747671e+04 0.000000000000000000e+00
3.619119992380102069e+00 -7.486940423050144454e+04 0.000000000000000000e+00
3.623505992668922371e+00 -9.571753926948085427e+04 0.000000000000000000e+00
3.619777783607957655e+00 -7.537125668132999272e+04 0.000000000000000000e+00
3.619094032487004675e+00 -7.486859694309445331e+04 0.000000000000000000e+00
3.613652047872544681e+00 -1.065484842425367387e+05 0.000000000000000000e+00
3.619090150412674234e+00 -7.486860021654523734e+04 0.000000000000000000e+00
3.616128738170315771e+00 -8.427013609885261394e+04 0.000000000000000000e+00
3.619146898106781585e+00 -7.487176335326547269e+04 0.000000000000000000e+00
3.619099879185673885e+00 -7.486865289460252097e+04 0.000000000000000000e+00
3.619097603036747657e+00 -7.486862241373170400e+04 0.000000000000000000e+00
3.619092427318436833e+00 -7.486859438475265051e+04 0.000000000000000000e+00
3.638610976351425386e+00 -4.826202893306588521e+05 0.000000000000000000e+00
3.619124520600691230e+00 -7.486969281301488809e+04 0.000000000000000000e+00
3.621436194187678037e+00 -8.074787513019019389e+04 0.000000000000000000e+00
3.619031844750025151e+00 -7.487253028225927847e+04 0.000000000000000000e+00
3.619097135449705682e+00 -7.486861752523851465e+04 0.000000000000000000e+00
3.619095971159670633e+00 -7.486860738651006250e+04 0.000000000000000000e+00
3.619036147218313904e+00 -7.487199158876444562e+04 0.000000000000000000e+00
3.619103547240856145e+00 -7.486872535216409597e+04 0.000000000000000000e+00
3.130492387732498383e+00 -2.505513776552233696e+08 0.000000000000000000e+00
3.618827818965761889e+00 -7.494356907097114890e+04 0.000000000000000000e+00
3.619078985074060562e+00 -7.486878945671883412e+04 0.000000000000000000e+00
3.619090617168717383e+00 -7.486859811673390504e+04 0.000000000000000000e+00
3.619343450139193674e+00 -7.493600722411338938e+04 0.000000000000000000e+00
3.618912275623340946e+00 -7.490335388578459970e+04 0.000000000000000000e+00
3.619332395005695258e+00 -7.493019889145312482e+04 0.000000000000000000e+00
3.619099653015920737e+00 -7.486864936961729836e+04 0.000000000000000000e+00
3.607637122395266793e+00 -2.153212791232036543e+05 0.000000000000000000e+00
3.618079305162134496e+00 -7.596732299020352366e+04 0.000000000000000000e+00
3.619217523167380879e+00 -7.488532838244129380e+04 0.000000000000000000e+00
3.619210462980370746e+00 -7.488349198304083257e+04 0.000000000000000000e+00
3.619090804495873837e+00 -7.486859740514362056e+04 0.000000000000000000e+00
3.619260571758651679e+00 -7.489883441268600291e+04 0.000000000000000000e+00
3.619139632098528292e+00 -7.487097352352735470e+04 0.000000000000000000e+00
4.882576975385455320e+00 -1.493188444066937208e+09 0.000000000000000000e+00
3.619417992735117107e+00 -7.498200109159752901e+04 0.000000000000000000e+00
3.619011078314896324e+00 -7.487568756220655632e+04 0.000000000000000000e+00
3.619089936917383898e+00 -7.486860133244785538e+04 0.000000000000000000e+00
3.619102514623211864e+00 -7.486870204138130066e+04 0.000000000000000000e+00
3.748685527905670334e+00 -1.802520387993758917e+07 0.000000000000000000e+00
3.619088022332042520e+00 -7.486861570059269434e+04 0.000000000000000000e+00
3.619172521841206969e+00 -7.487545073275700270e+04 0.000000000000000000e+00
3.619064583995939444e+00 -7.486942761689364852e+04 0.000000000000000000e+00
3.619089664841183218e+00 -7.486860289594822098e+04 0.000000000000000000e+00
3.588678784970414704e+00 -1.064838825491483323e+06 0.000000000000000000e+00
3.619631361620773369e+00 -7.517940452356808237e+04 0.000000000000000000e+00
3.619352600146985122e+00 -7.494101248899751226e+04 0.000000000000000000e+00
3.624030298430601871e+00 -1.009652883964038047e+05 0.000000000000000000e+00
3.618888795416376425e+00 -7.491300187366866157e+04 0.000000000000000000e+00
3.618579405829021045e+00 -7.515035899537609657e+04 0.000000000000000000e+00
3.723683415133167696e+00 -1.177280327210495993e+07 0.000000000000000000e+00
3.622223506982706009e+00 -8.536133325802287436e+04 0.000000000000000000e+00
3.619096974595880312e+00 -7.486861595175214461e+04 0.000000000000000000e+00
3.610909147588208690e+00 -1.465449006286512886e+05 0.000000000000000000e+00
3.619169013275841174e+00 -7.487486278372649394e+04 0.000000000000000000e+00
3.616971935031281671e+00 -7.968157475582952611e+04 0.000000000000000000e+00
3.618796918490238212e+00 -7.496209803469847247e+04 0.000000000000000000e+00
3.619169849467433142e+00 -7.487500051704078214e+04 0.000000000000000000e+00
3.566577860179131587e+00 -3.025927074765530881e+06 0.000000000000000000e+00
3.584510801827668569e+00 -1.354739210907688364e+06 0.000000000000000000e+00
3.619552021752988846e+00 -7.509461960287723923e+04 0.000000000000000000e+00
3.603283567543485333e+00 -3.423615343658187194e+05 0.000000000000000000e+00
3.617865535332830174e+00 -7.647987349961060681e+04 0.000000000000000000e+00
3.618573488342799571e+00 -7.515689581091344007e+04 0.000000000000000000e+00
3.619007425007821688e+00 -7.487633848943951307e+04 0.000000000000000000e+00
3.619237882804504203e+00 -7.489122157221175439e+04 0.000000000000000000e+00
3.619236649331227795e+00 -7.489083928697468946e+04 0.000000000000000000e+00
3.619195715479144759e+00 -7.488000029165495653e+04 0.000000000000000000e+00
3.619039856643398334e+00 -7.487155895729889744e+04 0.000000000000000000e+00
3.618893323657841332e+00 -7.491104937027391861e+04 0.000000000000000000e+00
3.619132419563844572e+00 -7.487030127766096848e+04 0.000000000000000000e+00
3.603429412007224109e+00 -3.374489125753617845e+05 0.000000000000000000e+00
3.616527378799824000e+00 -8.191110757933935383e+04 0.000000000000000000e+00
3.618745377827616849e+00 -7.499755144977047166e+04 0.000000000000000000e+00
3.619840392268760532e+00 -7.546729837853019126e+04 0.000000000000000000e+00
3.618694237012638037e+00 -7.503835034465411445e+04 0.000000000000000000e+00
3.618952180393017581e+00 -7.488966431460437889e+04 0.000000000000000000e+00
3.619065651929208816e+00 -7.486936505287110049e+04 0.000000000000000000e+00
