# phi_mrg_22 logL logPrior
4.854131353012109962e-01 -4.281321804678523540e+09 0.000000000000000000e+00
5.215697821499574172e-01 -4.279310415370984077e+09 0.000000000000000000e+00
7.148431438957417727e-01 -4.221377753561394691e+09 0.000000000000000000e+00
1.816102254054934306e-01 -4.188362554612834930e+09 0.000000000000000000e+00
8.305271701927310346e-01 -4.149375245178616524e+09 0.000000000000000000e+00
9.042887308592173490e-01 -4.089371202604295254e+09 0.000000000000000000e+00
9.411781106218115589e-01 -4.055364296109661102e+09 0.000000000000000000e+00
9.939431285393177662e-01 -4.002206362140759468e+09 0.000000000000000000e+00
6.203741700460643216e+00 -3.957881516002559662e+09 0.000000000000000000e+00
6.057415620777209853e+00 -3.773479046506676197e+09 0.000000000000000000e+00
6.009558493071200047e+00 -3.705381788597315788e+09 0.000000000000000000e+00
5.928796420417604907e+00 -3.582423250893270969e+09 0.000000000000000000e+00
1.321903679701311507e+00 -3.562507127478587627e+09 0.000000000000000000e+00
1.349393355024810059e+00 -3.517983706678337097e+09 0.000000000000000000e+00
1.457494711396716047e+00 -3.333135154459281921e+09 0.000000000000000000e+00
1.474934830341774195e+00 -3.301950280160288811e+09 0.000000000000000000e+00
5.736662284066445849e+00 -3.253731806763137817e+09 0.000000000000000000e+00
5.679267822763973683e+00 -3.147007339612685680e+09 0.000000000000000000e+00
5.676414462421967677e+00 -3.141612119387855530e+09 0.000000000000000000e+00
1.605556582873383764e+00 -3.057824618096135616e+09 0.000000000000000000e+00
1.679635465050613341e+00 -2.912152775146198273e+09 0.000000000000000000e+00
5.480069420778281852e+00 -2.753227942607783318e+09 0.000000000000000000e+00
5.285076765400005705e+00 -2.344189034423410892e+09 0.000000000000000000e+00
2.029109339065968687e+00 -2.181801727749197483e+09 0.000000000000000000e+00
5.185858294118449230e+00 -2.132103915442840576e+09 0.000000000000000000e+00
2.080301069203662756e+00 -2.072232008912623882e+09 0.000000000000000000e+00
2.182541023515556677e+00 -1.854222019181141376e+09 0.000000000000000000e+00
2.283277625446666459e+00 -1.642333469143646717e+09 0.000000000000000000e+00
2.293536933637412734e+00 -1.621001948869299412e+09 0.000000000000000000e+00
2.304116378426606992e+00 -1.599062103505525112e+09 0.000000000000000000e+00
2.314426412936049005e+00 -1.577739275576403618e+09 0.000000000000000000e+00
2.316182704645373569e+00 -1.574112881747342587e+09 0.000000000000000000e+00
4.921825295608568851e+00 -1.573747569607505322e+09 0.000000000000000000e+00
4.897921919299693450e+00 -1.524572777533836365e+09 0.000000000000000000e+00
2.387974899462778300e+00 -1.427498751527507782e+09 0.000000000000000000e+00
4.821843917534724966e+00 -1.370540712807262897e+09 0.000000000000000000e+00
4.805078641454436195e+00 -1.337165188901290655e+09 0.000000000000000000e+00
2.496188532836031815e+00 -1.213684457545252323e+09 0.000000000000000000e+00
4.734618986992048306e+00 -1.199474975012804031e+09 0.000000000000000000e+00
4.727818177249464959e+00 -1.186421505060297489e+09 0.000000000000000000e+00
4.616053917097529435e+00 -9.786619188156578541e+08 0.000000000000000000e+00
4.602280181402219839e+00 -9.540108123452292681e+08 0.000000000000000000e+00
2.642051369015276929e+00 -9.430825403035521507e+08 0.000000000000000000e+00
4.570710074942468282e+00 -8.983661283261477947e+08 0.000000000000000000e+00
4.534316942371858339e+00 -8.357602446659994125e+08 0.000000000000000000e+00
2.716381892321448888e+00 -8.146282291459836960e+08 0.000000000000000000e+00
2.717294052224974887e+00 -8.130959556932165623e+08 0.000000000000000000e+00
4.508548144537018132e+00 -7.924713197873041630e+08 0.000000000000000000e+00
2.756784973515034487e+00 -7.478341759003911018e+08 0.000000000000000000e+00
2.764560185648551549e+00 -7.352378032454340458e+08 0.000000000000000000e+00
2.777887542400800047e+00 -7.138446381445106268e+08 0.000000000000000000e+00
2.786797813966142456e+00 -6.996829383705291748e+08 0.000000000000000000e+00
2.881347578365339945e+00 -5.566729517907955647e+08 0.000000000000000000e+00
4.323488258635103776e+00 -5.095448676707301736e+08 0.000000000000000000e+00
2.931157991961840903e+00 -4.869477317620285749e+08 0.000000000000000000e+00
4.267088532636704734e+00 -4.339968183385242224e+08 0.000000000000000000e+00
4.255108894027275213e+00 -4.186410172713539600e+08 0.000000000000000000e+00
4.254887574198426670e+00 -4.183596423037897944e+08 0.000000000000000000e+00
4.221133523413875821e+00 -3.764420966498842239e+08 0.000000000000000000e+00
3.069818314325142072e+00 -3.149576349022635818e+08 0.000000000000000000e+00
4.165520149937812278e+00 -3.117838681267278194e+08 0.000000000000000000e+00
4.142590099533828507e+00 -2.867602566663930416e+08 0.000000000000000000e+00
4.125451182436276731e+00 -2.686923860777024031e+08 0.000000000000000000e+00
4.123833342158335746e+00 -2.670151783690235019e+08 0.000000000000000000e+00
3.122351906556033008e+00 -2.587934997319276631e+08 0.000000000000000000e+00
4.113582303726679434e+00 -2.565021394763941765e+08 0.000000000000000000e+00
3.140341818183955525e+00 -2.407464790555894971e+08 0.000000000000000000e+00
4.082842761597921921e+00 -2.261683356956771016e+08 0.000000000000000000e+00
3.163487712622819803e+00 -2.184323931125589013e+08 0.000000000000000000e+00
3.177552782432278455e+00 -2.053750669088121653e+08 0.000000000000000000e+00
4.050957695217991095e+00 -1.966158268214825988e+08 0.000000000000000000e+00
3.187683670123333535e+00 -1.962070973840653598e+08 0.000000000000000000e+00
4.047628049288166885e+00 -1.936432292389601469e+08 0.000000000000000000e+00
4.041376371617285024e+00 -1.881202789924990833e+08 0.000000000000000000e+00
4.017580829287509481e+00 -1.677983227334227860e+08 0.000000000000000000e+00
3.975361729902104013e+00 -1.344983730433339775e+08 0.000000000000000000e+00
3.971892791358798469e+00 -1.319204747303911448e+08 0.000000000000000000e+00
3.958232062534335238e+00 -1.220040006035049856e+08 0.000000000000000000e+00
3.955449186446417631e+00 -1.200300094058656096e+08 0.000000000000000000e+00
3.289698815416178146e+00 -1.151594849108916223e+08 0.000000000000000000e+00
3.298664055037792586e+00 -1.090331077199812233e+08 0.000000000000000000e+00
3.935397534184330581e+00 -1.062701989729078263e+08 0.000000000000000000e+00
3.924273138796445348e+00 -9.898887353809607029e+07 0.000000000000000000e+00
3.330998990296035078e+00 -8.829711605477243662e+07 0.000000000000000000e+00
3.897287942758099533e+00 -8.237763055105561018e+07 0.000000000000000000e+00
3.882010765534761543e+00 -7.363719482702969015e+07 0.000000000000000000e+00
3.378341505406675882e+00 -6.181314756461244822e+07 0.000000000000000000e+00
3.855468291415633963e+00 -5.959995832541193068e+07 0.000000000000000000e+00
3.387162412088847940e+00 -5.739188311642463505e+07 0.000000000000000000e+00
3.388093532899877580e+00 -5.693463426941245794e+07 0.000000000000000000e+00
3.845529508346828607e+00 -5.472050738563276827e+07 0.000000000000000000e+00
3.836796199852795741e+00 -5.060294987958969921e+07 0.000000000000000000e+00
3.818979637655520953e+00 -4.269750903647708893e+07 0.000000000000000000e+00
3.798626011287287163e+00 -3.448143759894288331e+07 0.000000000000000000e+00
3.455993732149017283e+00 -2.848383444673943147e+07 0.000000000000000000e+00
3.782161442120065775e+00 -2.847347835924348608e+07 0.000000000000000000e+00
3.777034809526061743e+00 -2.671958665096666291e+07 0.000000000000000000e+00
3.474243600382308284e+00 -2.249240742739653587e+07 0.000000000000000000e+00
3.475370075535016756e+00 -2.214568344827352464e+07 0.000000000000000000e+00
3.754593662916120955e+00 -1.969665896497900784e+07 0.000000000000000000e+00
3.752302652495574264e+00 -1.903972356808832288e+07 0.000000000000000000e+00
3.487683055239364727e+00 -1.853118784573240578e+07 0.000000000000000000e+00
3.748621561521042533e+00 -1.800751266414095461e+07 0.000000000000000000e+00
3.742332703664088989e+00 -1.631061489492798597e+07 0.000000000000000000e+00
3.495877806678709288e+00 -1.630389489293332957e+07 0.000000000000000000e+00
3.498142282164698358e+00 -1.571357355267125368e+07 0.000000000000000000e+00
3.507037827459342338e+00 -1.350012041008910909e+07 0.000000000000000000e+00
3.725404404803528635e+00 -1.216057179418106377e+07 0.000000000000000000e+00
3.724568379102226601e+00 -1.197141336333310977e+07 0.000000000000000000e+00
3.723683415133167696e+00 -1.177280327210495993e+07 0.000000000000000000e+00
3.514958153373651140e+00 -1.167098229543090053e+07 0.000000000000000000e+00
3.515564943198544956e+00 -1.153635549876588583e+07 0.000000000000000000e+00
3.722226444511608445e+00 -1.144945147586262599e+07 0.000000000000000000e+00
3.525178016934734870e+00 -9.508151683653336018e+06 0.000000000000000000e+00
3.708056560858031592e+00 -8.540511934331409633e+06 0.000000000000000000e+00
3.707798327050166876e+00 -8.491469421241639182e+06 0.000000000000000000e+00
3.705872777254894945e+00 -8.130261576351320371e+06 0.000000000000000000e+00
3.702246664200878890e+00 -7.471517101577447727e+06 0.000000000000000000e+00
3.701387349913440428e+00 -7.319519087246820331e+06 0.000000000000000000e+00
3.545304614836796819e+00 -5.899788824899008498e+06 0.000000000000000000e+00
3.547283726225870293e+00 -5.591643978050343692e+06 0.000000000000000000e+00
3.685273468808141661e+00 -4.761113681759028696e+06 0.000000000000000000e+00
3.684153667808310662e+00 -4.603925615858705714e+06 0.000000000000000000e+00
3.682153424863786828e+00 -4.329814404895091429e+06 0.000000000000000000e+00
3.680953293916338964e+00 -4.169452457837269641e+06 0.000000000000000000e+00
3.677946564170705201e+00 -3.781205173221084289e+06 0.000000000000000000e+00
3.677546116392979236e+00 -3.730954662160335109e+06 0.000000000000000000e+00
3.675970169671451071e+00 -3.536523847888426855e+06 0.000000000000000000e+00
3.675640625974193831e+00 -3.496537733171707951e+06 0.000000000000000000e+00
3.673696555575369338e+00 -3.265371966800858732e+06 0.000000000000000000e+00
3.566577860179131587e+00 -3.025927074765530881e+06 0.000000000000000000e+00
3.669839367405417718e+00 -2.830636322701842524e+06 0.000000000000000000e+00
3.568823449200711817e+00 -2.778993486521847546e+06 0.000000000000000000e+00
3.669246706371210198e+00 -2.766657665573746897e+06 0.000000000000000000e+00
3.572915150430880260e+00 -2.356774020483137108e+06 0.000000000000000000e+00
3.575346479594459836e+00 -2.122843527419710997e+06 0.000000000000000000e+00
3.662474016966218215e+00 -2.088865208828467643e+06 0.000000000000000000e+00
3.576274411594367653e+00 -2.036895615094018634e+06 0.000000000000000000e+00
3.578663270403719565e+00 -1.824105156514456496e+06 0.000000000000000000e+00
3.658491156849011716e+00 -1.736076780483674956e+06 0.000000000000000000e+00
3.580410379814952915e+00 -1.676207086019582581e+06 0.000000000000000000e+00
3.656843571251769731e+00 -1.600060192550169770e+06 0.000000000000000000e+00
3.584694747562802153e+00 -1.341161071931082988e+06 0.000000000000000000e+00
3.586168429532567092e+00 -1.234992866110731848e+06 0.000000000000000000e+00
3.587615805560626647e+00 -1.135242568981130375e+06 0.000000000000000000e+00
3.650008420779447871e+00 -1.097801800818656106e+06 0.000000000000000000e+00
3.588678784970414704e+00 -1.064838825491483323e+06 0.000000000000000000e+00
3.588782558593020866e+00 -1.058095175195517484e+06 0.000000000000000000e+00
3.648911490664478396e+00 -1.026505354478312889e+06 0.000000000000000000e+00
3.590003843854893795e+00 -9.804621866176718613e+05 0.000000000000000000e+00
3.591630510113806185e+00 -8.820168901598192751e+05 0.000000000000000000e+00
3.646327515952060505e+00 -8.687323523835258093e+05 0.000000000000000000e+00
3.592842129938252693e+00 -8.123694402182598133e+05 0.000000000000000000e+00
3.594478890779400082e+00 -7.232719377972343937e+05 0.000000000000000000e+00
3.643630684769117778e+00 -7.193059054598441580e+05 0.000000000000000000e+00
3.643104918742478660e+00 -6.919870915281220805e+05 0.000000000000000000e+00
3.595190481063866628e+00 -6.863243670468187192e+05 0.000000000000000000e+00
3.595336083587771459e+00 -6.788978633773967158e+05 0.000000000000000000e+00
3.642661187965384517e+00 -6.693911484309675870e+05 0.000000000000000000e+00
3.595838553158750894e+00 -6.536176815926508280e+05 0.000000000000000000e+00
3.597249040802024567e+00 -5.855406183055652073e+05 0.000000000000000000e+00
3.640587919258539973e+00 -5.693987684172029840e+05 0.000000000000000000e+00
3.597622526322449499e+00 -5.682273437606702792e+05 0.000000000000000000e+00
3.638592590927545611e+00 -4.818525128094735555e+05 0.000000000000000000e+00
3.600959619382622101e+00 -4.267838459857164999e+05 0.000000000000000000e+00
3.637008132793919213e+00 -4.184031937760056462e+05 0.000000000000000000e+00
3.602266536071571768e+00 -3.778848942030649632e+05 0.000000000000000000e+00
3.602554161379698527e+00 -3.676140602792344871e+05 0.000000000000000000e+00
3.603283567543485333e+00 -3.423615343658187194e+05 0.000000000000000000e+00
3.603429412007224109e+00 -3.374489125753617845e+05 0.000000000000000000e+00
3.634611722923778210e+00 -3.326485423291351181e+05 0.000000000000000000e+00
3.632147681628914437e+00 -2.572908107664710842e+05 0.000000000000000000e+00
3.632147079952461333e+00 -2.572739967620148382e+05 0.000000000000000000e+00
3.631781785585896927e+00 -2.472087988811186515e+05 0.000000000000000000e+00
3.606552078017753793e+00 -2.431881908441355627e+05 0.000000000000000000e+00
3.607212995016968460e+00 -2.259140264251413755e+05 0.000000000000000000e+00
3.630885148208565116e+00 -2.237141314064643229e+05 0.000000000000000000e+00
3.630667995863479547e+00 -2.182829226880993228e+05 0.000000000000000000e+00
3.630151767859393530e+00 -2.057767074941030005e+05 0.000000000000000000e+00
3.629950469250000644e+00 -2.010546034334732103e+05 0.000000000000000000e+00
3.608699266413254669e+00 -1.904833668582058162e+05 0.000000000000000000e+00
3.629316624959251669e+00 -1.867523005334543413e+05 0.000000000000000000e+00
3.629142950650073640e+00 -1.829835479577284132e+05 0.000000000000000000e+00
3.629072897118859498e+00 -1.814816520911686239e+05 0.000000000000000000e+00
3.609333622171090106e+00 -1.768009587443809432e+05 0.000000000000000000e+00
3.628023300022420461e+00 -1.602368392636605422e+05 0.000000000000000000e+00
3.610368836736530529e+00 -1.563222650149283290e+05 0.000000000000000000e+00
3.627692766007134750e+00 -1.540347682799229515e+05 0.000000000000000000e+00
3.627563310189868329e+00 -1.516694203699805075e+05 0.000000000000000000e+00
3.610850072682673773e+00 -1.475834818347694818e+05 0.000000000000000000e+00
3.611040362954143212e+00 -1.442647600999074639e+05 0.000000000000000000e+00
3.611084051254654703e+00 -1.435137631752230809e+05 0.000000000000000000e+00
3.611283799774957615e+00 -1.401321530946822022e+05 0.000000000000000000e+00
3.611830958424606219e+00 -1.313065251304019475e+05 0.000000000000000000e+00
3.612072941300119133e+00 -1.276077425363936636e+05 0.000000000000000000e+00
3.612280699148967766e+00 -1.245321059773871675e+05 0.000000000000000000e+00
3.612447619626225848e+00 -1.221279621506920375e+05 0.000000000000000000e+00
3.612522084137557599e+00 -1.210746933753426856e+05 0.000000000000000000e+00
3.625582578857461602e+00 -1.199520781509660446e+05 0.000000000000000000e+00
3.625561727639500020e+00 -1.196628582204961276e+05 0.000000000000000000e+00
3.625483734957855475e+00 -1.185893001890609157e+05 0.000000000000000000e+00
3.625339664876364054e+00 -1.166404381613257865e+05 0.000000000000000000e+00
3.625120164525372779e+00 -1.137566319141107961e+05 0.000000000000000000e+00
3.625000510592353287e+00 -1.122280471009251924e+05 0.000000000000000000e+00
3.624962441271470936e+00 -1.117481362608700874e+05 0.000000000000000000e+00
3.613244551381499914e+00 -1.114719388958066120e+05 0.000000000000000000e+00
3.624789070989847151e+00 -1.096018243239754520e+05 0.000000000000000000e+00
3.613473707104730259e+00 -1.086594920237388869e+05 0.000000000000000000e+00
3.624703346808916038e+00 -1.085643372845923586e+05 0.000000000000000000e+00
3.624498832772248491e+00 -1.061527133124811953e+05 0.000000000000000000e+00
3.624378494981489229e+00 -1.047755339596997947e+05 0.000000000000000000e+00
3.624310465797622172e+00 -1.040107044219205854e+05 0.000000000000000000e+00
3.624284604199352611e+00 -1.037225499544530321e+05 0.000000000000000000e+00
3.614009389057230237e+00 -1.025235410801191756e+05 0.000000000000000000e+00
3.624061497159614120e+00 -1.012961045421135786e+05 0.000000000000000000e+00
3.614416452705188298e+00 -9.827158533073813305e+04 0.000000000000000000e+00
3.614423430659847281e+00 -9.820178989648082643e+04 0.000000000000000000e+00
3.614630387574575110e+00 -9.617913815558845818e+04 0.000000000000000000e+00
3.614910958709787181e+00 -9.358343748103821417e+04 0.000000000000000000e+00
3.614999299381376208e+00 -9.280103636191412807e+04 0.000000000000000000e+00
3.615100753219867791e+00 -9.192310611580072145e+04 0.000000000000000000e+00
3.615171554451090952e+00 -9.132348152561418829e+04 0.000000000000000000e+00
3.622949960145419368e+00 -9.079518215780780884e+04 0.000000000000000000e+00
3.622869828115149904e+00 -9.014036380961399118e+04 0.000000000000000000e+00
3.615328719737646690e+00 -9.003077670919112279e+04 0.000000000000000000e+00
3.615415139877430573e+00 -8.934249086615361739e+04 0.000000000000000000e+00
3.622690034779727508e+00 -8.872115804861055221e+04 0.000000000000000000e+00
3.615653637284099720e+00 -8.752593992456166598e+04 0.000000000000000000e+00
3.615664457136761545e+00 -8.744641618341834692e+04 0.000000000000000000e+00
3.615715964612318700e+00 -8.707128267695529212e+04 0.000000000000000000e+00
3.621977660610329774e+00 -8.377825540276186075e+04 0.000000000000000000e+00
3.621903276019523776e+00 -8.332476629696234886e+04 0.000000000000000000e+00
3.621737542979770019e+00 -8.235696115014482348e+04 0.000000000000000000e+00
3.621709598621971171e+00 -8.219957168288869434e+04 0.000000000000000000e+00
3.616543913423318379e+00 -8.182060846226377180e+04 0.000000000000000000e+00
3.616548543867351473e+00 -8.179536950325351791e+04 0.000000000000000000e+00
3.621559645666472704e+00 -8.138355214298542705e+04 0.000000000000000000e+00
3.616692152220394529e+00 -8.103539516134053702e+04 0.000000000000000000e+00
3.621483453700105049e+00 -8.098737004098133184e+04 0.000000000000000000e+00
3.616707775001477998e+00 -8.095538209610714694e+04 0.000000000000000000e+00
3.621452742455062879e+00 -8.083119208379386691e+04 0.000000000000000000e+00
3.616801790691229535e+00 -8.048490740515742800e+04 0.000000000000000000e+00
3.621376339841728242e+00 -8.045141604990515043e+04 0.000000000000000000e+00
3.621313942079898318e+00 -8.015052412980231747e+04 0.000000000000000000e+00
3.621262869547442254e+00 -7.991044703354290687e+04 0.000000000000000000e+00
3.616932347212339582e+00 -7.986295582287735306e+04 0.000000000000000000e+00
3.621244478945794043e+00 -7.982536548090535507e+04 0.000000000000000000e+00
3.621111283145728166e+00 -7.923076429885698599e+04 0.000000000000000000e+00
3.617080878544529643e+00 -7.919974348568479763e+04 0.000000000000000000e+00
3.617322397546161028e+00 -7.822215835577898542e+04 0.000000000000000000e+00
3.620825971537895427e+00 -7.808490321943211893e+04 0.000000000000000000e+00
3.620778337651713308e+00 -7.791057207485652179e+04 0.000000000000000000e+00
3.620543792652751502e+00 -7.712301924606764806e+04 0.000000000000000000e+00
3.620448748301690056e+00 -7.683740893471066374e+04 0.000000000000000000e+00
3.617820663969586459e+00 -7.659988220909817028e+04 0.000000000000000000e+00
3.620351438367483965e+00 -7.656502486935241905e+04 0.000000000000000000e+00
3.617846639256625085e+00 -7.652988581006854656e+04 0.000000000000000000e+00
3.617853769441870870e+00 -7.651092453105811728e+04 0.000000000000000000e+00
3.620308642641161256e+00 -7.645165127057963400e+04 0.000000000000000000e+00
3.617878560580870317e+00 -7.644584455465975043e+04 0.000000000000000000e+00
3.617907820132499008e+00 -7.637072713391587604e+04 0.000000000000000000e+00
3.620174660387359022e+00 -7.612205894429032924e+04 0.000000000000000000e+00
3.618033744062932211e+00 -7.606836093328200513e+04 0.000000000000000000e+00
3.618036947369827061e+00 -7.606111193648842163e+04 0.000000000000000000e+00
3.618060244996270214e+00 -7.600905086840289005e+04 0.000000000000000000e+00
3.620121781782430936e+00 -7.600255500867945375e+04 0.000000000000000000e+00
3.620060492710893030e+00 -7.587153302237820753e+04 0.000000000000000000e+00
3.620036026766546566e+00 -7.582147607242125378e+04 0.000000000000000000e+00
3.619982703693431336e+00 -7.571681754252857354e+04 0.000000000000000000e+00
3.618205733123163181e+00 -7.571022522011034016e+04 0.000000000000000000e+00
3.618283281548492880e+00 -7.556945700332248816e+04 0.000000000000000000e+00
3.618296933550042560e+00 -7.554600811423157575e+04 0.000000000000000000e+00
3.618299648392424572e+00 -7.554139261727043777e+04 0.000000000000000000e+00
3.618320755010016487e+00 -7.550604745858084061e+04 0.000000000000000000e+00
3.618339403368335372e+00 -7.547561240671545966e+04 0.000000000000000000e+00
3.619840392268760532e+00 -7.546729837853019126e+04 0.000000000000000000e+00
3.619832792526160414e+00 -7.545519291740105837e+04 0.000000000000000000e+00
3.619793778493152647e+00 -7.539499482072086539e+04 0.000000000000000000e+00
3.619782911033000872e+00 -7.537880669367359951e+04 0.000000000000000000e+00
3.618408752459537858e+00 -7.536896295139186259e+04 0.000000000000000000e+00
3.619750238395527564e+00 -7.533166027460590703e+04 0.000000000000000000e+00
3.619714297149981608e+00 -7.528243677649367601e+04 0.000000000000000000e+00
3.619707996467300237e+00 -7.527409251862039673e+04 0.000000000000000000e+00
3.619690887772125443e+00 -7.525186342795405653e+04 0.000000000000000000e+00
3.619676070141321755e+00 -7.523311742838768987e+04 0.000000000000000000e+00
3.619653907039127816e+00 -7.520595581585861510e+04 0.000000000000000000e+00
3.619616755960099574e+00 -7.516278450384901953e+04 0.000000000000000000e+00
3.618579405829021045e+00 -7.515035899537609657e+04 0.000000000000000000e+00
3.619590008236145628e+00 -7.513353173182955652e+04 0.000000000000000000e+00
3.618604235404530023e+00 -7.512374786236762884e+04 0.000000000000000000e+00
3.619559877462150244e+00 -7.510241339291067561e+04 0.000000000000000000e+00
3.619559592710714924e+00 -7.510212857844315295e+04 0.000000000000000000e+00
3.618627525401562295e+00 -7.509998629681637976e+04 0.000000000000000000e+00
3.618627845658412223e+00 -7.509966764862999844e+04 0.000000000000000000e+00
3.618644197587921330e+00 -7.508368965102086077e+04 0.000000000000000000e+00
3.619516069201069275e+00 -7.506063621823559515e+04 0.000000000000000000e+00
3.618669637155063068e+00 -7.505996975738048786e+04 0.000000000000000000e+00
3.618670138213599508e+00 -7.505951648147396918e+04 0.000000000000000000e+00
3.619512660824776518e+00 -7.505755811496480601e+04 0.000000000000000000e+00
3.618680374445051751e+00 -7.505037405065627536e+04 0.000000000000000000e+00
3.619501706349609993e+00 -7.504783353560185060e+04 0.000000000000000000e+00
3.619500393151815487e+00 -7.504668501780874794e+04 0.000000000000000000e+00
3.619498003354728599e+00 -7.504460438213990710e+04 0.000000000000000000e+00
3.618690715772015398e+00 -7.504136551948089618e+04 0.000000000000000000e+00
3.618706349520350862e+00 -7.502818130434956402e+04 0.000000000000000000e+00
3.618707860917346419e+00 -7.502693445221247384e+04 0.000000000000000000e+00
3.618714947509253932e+00 -7.502115346570344991e+04 0.000000000000000000e+00
3.618715336203238042e+00 -7.502083949309158197e+04 0.000000000000000000e+00
3.618722935833029730e+00 -7.501476577129475481e+04 0.000000000000000000e+00
3.619440821368245853e+00 -7.499846587254529004e+04 0.000000000000000000e+00
3.619424931773604470e+00 -7.498688774761170498e+04 0.000000000000000000e+00
3.619422030382327460e+00 -7.498483197179847048e+04 0.000000000000000000e+00
3.619417992735117107e+00 -7.498200109159752901e+04 0.000000000000000000e+00
3.618769912238820385e+00 -7.497996571707772091e+04 0.000000000000000000e+00
3.619404887672519777e+00 -7.497305330992993549e+04 0.000000000000000000e+00
3.619393636716552454e+00 -7.496566476252183202e+04 0.000000000000000000e+00
3.618793271754496832e+00 -7.496441958486825752e+04 0.000000000000000000e+00
3.618794328308148511e+00 -7.496374404261406744e+04 0.000000000000000000e+00
3.619389008273265151e+00 -7.496270391127980838e+04 0.000000000000000000e+00
3.618796918490238212e+00 -7.496209803469847247e+04 0.000000000000000000e+00
3.618807642839642291e+00 -7.495543576113510062e+04 0.000000000000000000e+00
3.619369742246351329e+00 -7.495087201102197287e+04 0.000000000000000000e+00
3.619352600146985122e+00 -7.494101248899751226e+04 0.000000000000000000e+00
3.619338649145168230e+00 -7.493345265905078850e+04 0.000000000000000000e+00
3.618847886548582249e+00 -7.493263061189066502e+04 0.000000000000000000e+00
3.619333921048978553e+00 -7.493098510532680666e+04 0.000000000000000000e+00
3.619329185943053417e+00 -7.492856185391178587e+04 0.000000000000000000e+00
3.618855988572795113e+00 -7.492845863399977679e+04 0.000000000000000000e+00
3.618859003381532879e+00 -7.492694208977482049e+04 0.000000000000000000e+00
3.619302121522303128e+00 -7.491563245113547600e+04 0.000000000000000000e+00
3.619296167613496262e+00 -7.491299852239410393e+04 0.000000000000000000e+00
3.618893323657841332e+00 -7.491104937027391861e+04 0.000000000000000000e+00
3.618897878295782355e+00 -7.490912976381331100e+04 0.000000000000000000e+00
3.619284144164792050e+00 -7.490791086260153679e+04 0.000000000000000000e+00
3.619268744218895328e+00 -7.490184647540930018e+04 0.000000000000000000e+00
3.619268374649226683e+00 -7.490170717935489665e+04 0.000000000000000000e+00
3.619257669311465087e+00 -7.489779908436874393e+04 0.000000000000000000e+00
3.619236649331227795e+00 -7.489083928697468946e+04 0.000000000000000000e+00
3.618951576662925884e+00 -7.488984603192395298e+04 0.000000000000000000e+00
3.619233086237712005e+00 -7.488975328481124598e+04 0.000000000000000000e+00
3.618952180393017581e+00 -7.488966431460437889e+04 0.000000000000000000e+00
3.618969790876379378e+00 -7.488470703750828397e+04 0.000000000000000000e+00
3.618974667743926066e+00 -7.488345160038309405e+04 0.000000000000000000e+00
3.618975218641741431e+00 -7.488331298487613094e+04 0.000000000000000000e+00
3.618979649660098996e+00 -7.488222169077169383e+04 0.000000000000000000e+00
3.618979918548909769e+00 -7.488215682007512078e+04 0.000000000000000000e+00
3.619202907699877070e+00 -7.488164499659290595e+04 0.000000000000000000e+00
3.618982170517688779e+00 -7.488161959810867847e+04 0.000000000000000000e+00
3.619201713713177337e+00 -7.488136429223279993e+04 0.000000000000000000e+00
3.619200366772563626e+00 -7.488105129182589008e+04 0.000000000000000000e+00
3.618985465216640662e+00 -7.488085318582426407e+04 0.000000000000000000e+00
3.619190301803821619e+00 -7.487883534522997797e+04 0.000000000000000000e+00
3.618996499891705021e+00 -7.487845554199875914e+04 0.000000000000000000e+00
3.618999768863000455e+00 -7.487779529778100550e+04 0.000000000000000000e+00
3.619177691522516227e+00 -7.487636506282372284e+04 0.000000000000000000e+00
3.619010306456917903e+00 -7.487582270735647762e+04 0.000000000000000000e+00
3.619011078314896324e+00 -7.487568756220655632e+04 0.000000000000000000e+00
3.619173404802370264e+00 -7.487560284552174562e+04 0.000000000000000000e+00
3.619013343062653654e+00 -7.487529838674984057e+04 0.000000000000000000e+00
3.619169849467433142e+00 -7.487500051704078214e+04 0.000000000000000000e+00
3.619166386198558794e+00 -7.487443980277859373e+04 0.000000000000000000e+00
3.619018588721435226e+00 -7.487443913772373344e+04 0.000000000000000000e+00
3.619019919958708975e+00 -7.487423044965532608e+04 0.000000000000000000e+00
3.619160421060187982e+00 -7.487353422502582544e+04 0.000000000000000000e+00
3.619025849712712795e+00 -7.487334697060448525e+04 0.000000000000000000e+00
3.619156005813620514e+00 -7.487291299422289012e+04 0.000000000000000000e+00
3.619030050430206646e+00 -7.487276665025622060e+04 0.000000000000000000e+00
3.619032279648373152e+00 -7.487247403022012440e+04 0.000000000000000000e+00
3.619152288375392601e+00 -7.487242230491587543e+04 0.000000000000000000e+00
3.619035439923155018e+00 -7.487207742445744225e+04 0.000000000000000000e+00
3.619037941799982061e+00 -7.487177860809979029e+04 0.000000000000000000e+00
3.619146912006756978e+00 -7.487176497252706031e+04 0.000000000000000000e+00
3.619146898106781585e+00 -7.487176335326547269e+04 0.000000000000000000e+00
3.619038162677749249e+00 -7.487175287084025331e+04 0.000000000000000000e+00
3.619039856643398334e+00 -7.487155895729889744e+04 0.000000000000000000e+00
3.619040275808892204e+00 -7.487151192215991614e+04 0.000000000000000000e+00
3.619045219988263007e+00 -7.487098551123263314e+04 0.000000000000000000e+00
3.619139377593628470e+00 -7.487094790694909170e+04 0.000000000000000000e+00
3.619053343981768478e+00 -7.487023417505132966e+04 0.000000000000000000e+00
3.619131280095893910e+00 -7.487020525944580731e+04 0.000000000000000000e+00
3.619129725850101842e+00 -7.487007877076935256e+04 0.000000000000000000e+00
3.619129493913366691e+00 -7.487006033855389978e+04 0.000000000000000000e+00
3.619128845917677584e+00 -7.487000945206629694e+04 0.000000000000000000e+00
3.619126999587894744e+00 -7.486986939076820272e+04 0.000000000000000000e+00
3.619059973584636936e+00 -7.486972573484769964e+04 0.000000000000000000e+00
3.619124557163140743e+00 -7.486969532176946814e+04 0.000000000000000000e+00
3.619123091475027199e+00 -7.486959699466649909e+04 0.000000000000000000e+00
3.619122543933993796e+00 -7.486956144219686394e+04 0.000000000000000000e+00
3.619120608505006498e+00 -7.486944091615328216e+04 0.000000000000000000e+00
3.619064583995939444e+00 -7.486942761689364852e+04 0.000000000000000000e+00
3.619119992380102069e+00 -7.486940423050144454e+04 0.000000000000000000e+00
3.619119134759168688e+00 -7.486935451836416905e+04 0.000000000000000000e+00
3.619070103380089609e+00 -7.486913056534272619e+04 0.000000000000000000e+00
3.619113099504263076e+00 -7.486904920977706206e+04 0.000000000000000000e+00
3.619072850532058627e+00 -7.486900702102406649e+04 0.000000000000000000e+00
3.619111962268247051e+00 -7.486900041029744898e+04 0.000000000000000000e+00
3.619073485932855050e+00 -7.486898074634905788e+04 0.000000000000000000e+00
3.619074391776186062e+00 -7.486894478282798082e+04 0.000000000000000000e+00
3.619109256544138287e+00 -7.486889543531788513e+04 0.000000000000000000e+00
3.619108200710480006e+00 -7.486885872264168574e+04 0.000000000000000000e+00
3.619077156880648349e+00 -7.486884586790195317e+04 0.000000000000000000e+00
3.619077195689559545e+00 -7.486884459607566532e+04 0.000000000000000000e+00
3.619077720734410253e+00 -7.486882770645129494e+04 0.000000000000000000e+00
3.619107017463567999e+00 -7.486882041535932512e+04 0.000000000000000000e+00
3.619106968105324285e+00 -7.486881888251719647e+04 0.000000000000000000e+00
3.619106841639397221e+00 -7.486881497886386933e+04 0.000000000000000000e+00
3.619078777133127645e+00 -7.486879551238319254e+04 0.000000000000000000e+00
3.619105697946382705e+00 -7.486878123106012936e+04 0.000000000000000000e+00
3.619079367950621240e+00 -7.486877854869082512e+04 0.000000000000000000e+00
3.619104572401939279e+00 -7.486875075253519753e+04 0.000000000000000000e+00
3.619104062789825438e+00 -7.486873784469150996e+04 0.000000000000000000e+00
3.619080918630924959e+00 -7.486873757951142034e+04 0.000000000000000000e+00
3.619103755653485077e+00 -7.486873033380271227e+04 0.000000000000000000e+00
3.619081890259083778e+00 -7.486871453207054583e+04 0.000000000000000000e+00
3.619082026020385090e+00 -7.486871147266795742e+04 0.000000000000000000e+00
3.619082417194034562e+00 -7.486870287812533206e+04 0.000000000000000000e+00
3.619082507396356174e+00 -7.486870094275032170e+04 0.000000000000000000e+00
3.619102206089989782e+00 -7.486869551930340822e+04 0.000000000000000000e+00
3.619102153567722358e+00 -7.486869442933305982e+04 0.000000000000000000e+00
3.619083084347089141e+00 -7.486868897571404523e+04 0.000000000000000000e+00
3.619101812495526982e+00 -7.486868749490469054e+04 0.000000000000000000e+00
3.619101583023793811e+00 -7.486868296958663268e+04 0.000000000000000000e+00
3.619083777518470768e+00 -7.486867554037658556e+04 0.000000000000000000e+00
3.619101143966545031e+00 -7.486867462528284523e+04 0.000000000000000000e+00
3.619100587849185757e+00 -7.486866464860195993e+04 0.000000000000000000e+00
3.619099879185673885e+00 -7.486865289460252097e+04 0.000000000000000000e+00
3.619085290092931118e+00 -7.486864979402162135e+04 0.000000000000000000e+00
3.619085431847678169e+00 -7.486864763213839615e+04 0.000000000000000000e+00
3.619099355719264555e+00 -7.486864490264712367e+04 0.000000000000000000e+00
3.619099348014072071e+00 -7.486864478939110995e+04 0.000000000000000000e+00
3.619085640583493468e+00 -7.486864452704033465e+04 0.000000000000000000e+00
3.619085654048907585e+00 -7.486864432993531227e+04 0.000000000000000000e+00
3.619085706746516529e+00 -7.486864356228435645e+04 0.000000000000000000e+00
3.619086410691583655e+00 -7.486863387794994924e+04 0.000000000000000000e+00
3.619098156140899025e+00 -7.486862880053510889e+04 0.000000000000000000e+00
3.619086976541878276e+00 -7.486862686246476369e+04 0.000000000000000000e+00
3.619097981937800412e+00 -7.486862671832900378e+04 0.000000000000000000e+00
3.619087168113158892e+00 -7.486862464264337905e+04 0.000000000000000000e+00
3.619097603036747657e+00 -7.486862241373170400e+04 0.000000000000000000e+00
3.619097586440405578e+00 -7.486862223220997839e+04 0.000000000000000000e+00
3.619096974595880312e+00 -7.486861595175214461e+04 0.000000000000000000e+00
3.619088126359312430e+00 -7.486861471831827657e+04 0.000000000000000000e+00
3.619088154912453170e+00 -7.486861445275874576e+04 0.000000000000000000e+00
3.619088389495202396e+00 -7.486861233707654173e+04 0.000000000000000000e+00
3.619088522316701084e+00 -7.486861119140210212e+04 0.000000000000000000e+00
3.619096413440327620e+00 -7.486861089613623335e+04 0.000000000000000000e+00
3.619088584111118223e+00 -7.486861067125422414e+04 0.000000000000000000e+00
3.619088733523700530e+00 -7.486860944736904639e+04 0.000000000000000000e+00
3.619095978409352821e+00 -7.486860744066213374e+04 0.000000000000000000e+00
3.619095920149013157e+00 -7.486860700865817489e+04 0.000000000000000000e+00
3.619089101979829248e+00 -7.486860663346247748e+04 0.000000000000000000e+00
3.619089155254390455e+00 -7.486860625065189379e+04 0.000000000000000000e+00
3.619095626287593070e+00 -7.486860494040856429e+04 0.000000000000000000e+00
3.619089580957481012e+00 -7.486860340994852595e+04 0.000000000000000000e+00
3.619095241930036622e+00 -7.486860251424077433e+04 0.000000000000000000e+00
3.619095210487320635e+00 -7.486860232976070256e+04 0.000000000000000000e+00
3.619089763517701286e+00 -7.486860231058415957e+04 0.000000000000000000e+00
3.619089843809754292e+00 -7.486860184966129600e+04 0.000000000000000000e+00
3.619089870560597610e+00 -7.486860169916074665e+04 0.000000000000000000e+00
3.619089921039398750e+00 -7.486860141933857813e+04 0.000000000000000000e+00
3.619089953908526169e+00 -7.486860124006544356e+04 0.000000000000000000e+00
3.619094883204393653e+00 -7.486860053517980850e+04 0.000000000000000000e+00
3.619094823256702398e+00 -7.486860023131695925e+04 0.000000000000000000e+00
3.619094822253910770e+00 -7.486860022630050662e+04 0.000000000000000000e+00
3.619094821283626473e+00 -7.486860022144684626e+04 0.000000000000000000e+00
3.619090257051934767e+00 -7.486859969570040994e+04 0.000000000000000000e+00
3.619090258011637751e+00 -7.486859969112364342e+04 0.000000000000000000e+00
3.619090436786019271e+00 -7.486859887293852807e+04 0.000000000000000000e+00
3.619094398516471855e+00 -7.486859829873792478e+04 0.000000000000000000e+00
3.619090582130756406e+00 -7.486859825816954253e+04 0.000000000000000000e+00
3.619090586027294609e+00 -7.486859824231071980e+04 0.000000000000000000e+00
3.619094247258614061e+00 -7.486859770376203232e+04 0.000000000000000000e+00
3.619094211680013107e+00 -7.486859757092766813e+04 0.000000000000000000e+00
3.619094034010643224e+00 -7.486859694814395334e+04 0.000000000000000000e+00
3.619090961457168465e+00 -7.486859686674227123e+04 0.000000000000000000e+00
3.619093969579030290e+00 -7.486859673898636538e+04 0.000000000000000000e+00
3.619093683930501015e+00 -7.486859591875533806e+04 0.000000000000000000e+00
3.619091291205909666e+00 -7.486859590743492299e+04 0.000000000000000000e+00
3.619091325619705035e+00 -7.486859582073189085e+04 0.000000000000000000e+00
3.619093563027396154e+00 -7.486859562419643044e+04 0.000000000000000000e+00
3.619091487774023008e+00 -7.486859544630996243e+04 0.000000000000000000e+00
3.619091511245573045e+00 -7.486859539677650901e+04 0.000000000000000000e+00
3.619093446538507397e+00 -7.486859536998893600e+04 0.000000000000000000e+00
3.619093398615400137e+00 -7.486859527384367539e+04 0.000000000000000000e+00
3.619093309621671750e+00 -7.486859510833937384e+04 0.000000000000000000e+00
3.619091692837120622e+00 -7.486859505340864416e+04 0.000000000000000000e+00
3.619091787760015944e+00 -7.486859490201601875e+04 0.000000000000000000e+00
3.619093160595527880e+00 -7.486859486915954039e+04 0.000000000000000000e+00
3.619091813160945303e+00 -7.486859486477499013e+04 0.000000000000000000e+00
3.619091840445793018e+00 -7.486859482630953426e+04 0.000000000000000000e+00
3.619091947758320327e+00 -7.486859469048751635e+04 0.000000000000000000e+00
3.619092935937206601e+00 -7.486859459844819503e+04 0.000000000000000000e+00
3.619092911958754488e+00 -7.486859457593499974e+04 0.000000000000000000e+00
3.619092846629627491e+00 -7.486859452084290388e+04 0.000000000000000000e+00
3.619092825999786989e+00 -7.486859450534541975e+04 0.000000000000000000e+00
3.619092733726692046e+00 -7.486859444717215956e+04 0.000000000000000000e+00
3.619092685401472220e+00 -7.486859442398008832e+04 0.000000000000000000e+00
3.619092427318436833e+00 -7.486859438475265051e+04 0.000000000000000000e+00
3.619092498023086524e+00 -7.486859438131836941e+04 0.000000000000000000e+00
